-65
-65
-65
-65
-65
-65
-65
-65
-65
-65
-65
-65
-65
-65
-65
-65
-65
-65
-65
-65
-65
-65
-65
-65
-65
-65
-65
-65
-65
-65
-65
-65
-65
-65
-65
-65
-65
-65
-65
-65
-65
-65
-65
-65
-65
-65
-65
-65
-65
-65
-65
-65
-65
-65
-65
-65
-65
-65
-65
-65
-65
-65
-65
-65
-65
-65
-65
-65
-65
-65
-65
-65
-65
-65
-65
-65
-65
-65
-65
-65
-65
-65
-65
-65
-65
-65
-65
-65
-65
-65
-65
-65
-65
-65
-65
-65
-65
-65
-65
-65
-65
-65
-65
-65
-65
-65
-65
-65
-65
-65
-65
-65
-65
-65
-65
-65
-65
-65
-65
-65
-65
-65
-65
-65
-65
-65
-65
-65
-65
-65
-65
-65
-65
-65
-65
-65
-65
-65
-65
-65
-65
-65
-65
-65
-65
-65
-65
-65
-65
-65
-65
-65
-65
-65
-65
-65
-65
-65
-65
-65
-65
-65
-65
-65
-65
-65
-65
-65
-65
-65
-65
-65
-65
-65
-65
-65
-65
-65
-65
-65
-65
-65
-65
-65
-65
-65
-65
-65
-65
-65
-65
-65
-65
-65
-65
-65
-65
-65
-65
-65
-65
-65
-65
-65
-65
-65
-65
-65
-65
-65
-65
-65
-65
-65
-65
-65
-65
-65
-65
-65
-65
-65
-65
-65
-65
-65
-65
-65
-65
-65
-65
-65
-65
-65
-65
-65
-65
-65
-65
-65
-65
-65
-65
-65
-65
-65
-65
-65
-65
-65
-65
-65
-65
-65
-65
-65
-65
-65
-65
-65
-65
-65
-65
-65
-65
-65
-65
-65
-65
-65
-65
-65
-65
-65
-65
-65
-65
-65
-65
-65
-65
-65
-65
-65
-65
-65
-65
-65
-65
-65
-65
-65
-65
-65
-65
-65
-65
-65
-65
-65
-65
-65
-65
-65
-65
-65
-65
-65
-65
-65
-65
-65
-65
-65
-65
-65
-65
-65
-65
-65
-65
-65
-65
-65
-65
-65
-65
-65
-65
-65
-65
-65
-65
-65
-65
-65
-65
-65
-65
-65
-65
-65
-65
-65
-65
-65
-65
-65
-65
-65
-65
-65
-65
-65
-65
-65
-65
-65
-65
-65
-65
-65
-65
-65
-65
-65
-65
-65
-65
-65
-65
-65
-65
-65
-65
-65
-65
-65
-65
-65
-65
-65
-65
-65
-65
-65
-65
-65
-65
-65
-65
-65
-65
-65
-65
-65
-65
-65
-65
-65
-65
-65
-65
-65
-65
-65
-65
-65
-65
-65
-65
-65
-65
-65
-65
-65
-65
-65
-65
-65
-65
-65
-65
-65
-65
-65
-65
-65
-65
-65
-65
-65
-65
-65
-65
-65
-65
-65
-65
-65
-65
-65
-65
-65
-65
-65
-65
-65
-65
-65
-65
-65
-65
-65
-65
-65
-65
-65
-65
-65
-65
-65
-65
-65
-65
-65
-65
-65
-65
-65
-65
-65
-65
-65
-65
-65
-65
-65
-65
-65
-65
-65
-65
-65
-65
-65
-65
-65
-65
-65
-65
-65
-65
-65
-65
-65
-65
-65
-65
-65
-65
-65
-65
-65
-65
-65
-65
-65
-65
-65
-65
-65
-65
-65
-65
-65
-65
-65
-65
-65
-65
-65
-65
-65
-65
-65
-65
-65
-65
-65
-65
-65
-65
-65
-65
-65
-65
-65
-65
-65
-65
-65
-65
-65
-65
-65
-65
-65
-65
-65
-65
-65
-65
-65
-65
-65
-65
-65
-65
-65
-65
-65
-65
-65
-65
-65
-65
-65
-65
-65
-65
-65
-65
-65
-65
-65
-65
-65
-65
-65
-65
-65
-65
-65
-65
-65
-65
-65
-65
-65
-65
-65
-65
-65
-65
-65
-65
-65
-65
-65
-65
-65
-65
-65
-65
-65
-65
-65
-65
-65
-65
-65
-65
-65
-65
-65
-65
-65
-65
-65
-65
-65
-65
-65
-65
-65
-65
-65
-65
-65
-65
-65
-65
-65
-65
-65
-65
-65
-65
-65
-65
-65
-65
-65
-65
-65
-65
-65
-65
-65
-65
-65
-65
-65
-65
-65
-65
-65
-65
-65
-65
-65
-65
-65
-65
-65
-65
-65
-65
-65
-65
-65
-65
-65
-65
-65
-65
-65
-65
-65
-65
-65
-65
-65
-65
-65
-65
-65
-65
-65
-65
-65
-65
-65
-65
-65
-65
-65
-65
-65
-65
-65
-65
-65
-65
-65
-65
-65
-65
-65
-65
-64.9992
-64.9979
-64.996
-64.9937
-64.9908
-64.9875
-64.9837
-64.9795
-64.9749
-64.9699
-64.9645
-64.9588
-64.9527
-64.9463
-64.9395
-64.9325
-64.9252
-64.9176
-64.9097
-64.9016
-64.8932
-64.8847
-64.8759
-64.8669
-64.8577
-64.8483
-64.8388
-64.8291
-64.8193
-64.8093
-64.7991
-64.7889
-64.7785
-64.768
-64.7575
-64.7468
-64.736
-64.7252
-64.7143
-64.7033
-64.6922
-64.6811
-64.67
-64.6588
-64.6476
-64.6363
-64.6251
-64.6137
-64.6024
-64.5911
-64.5798
-64.5684
-64.5571
-64.5457
-64.5344
-64.5231
-64.5118
-64.5005
-64.4892
-64.478
-64.4668
-64.4556
-64.4444
-64.4333
-64.4223
-64.4112
-64.4002
-64.3893
-64.3784
-64.3676
-64.3568
-64.346
-64.3353
-64.3247
-64.3141
-64.3036
-64.2932
-64.2828
-64.2725
-64.2622
-64.252
-64.2419
-64.2319
-64.2219
-64.212
-64.2021
-64.1924
-64.1827
-64.1731
-64.1635
-64.154
-64.1446
-64.1353
-64.1261
-64.1169
-64.1078
-64.0988
-64.0899
-64.081
-64.0722
-64.0635
-64.0549
-64.0464
-64.0379
-64.0295
-64.0212
-64.013
-64.0048
-63.9968
-63.9888
-63.9809
-63.973
-63.9653
-63.9576
-63.95
-63.9425
-63.9351
-63.9277
-63.9204
-63.9132
-63.9061
-63.899
-63.8921
-63.8852
-63.8783
-63.8716
-63.8649
-63.8583
-63.8518
-63.8454
-63.839
-63.8327
-63.8265
-63.8203
-63.8142
-63.8082
-63.8023
-63.7964
-63.7906
-63.7849
-63.7792
-63.7736
-63.7681
-63.7627
-63.7573
-63.752
-63.7467
-63.7415
-63.7364
-63.7314
-63.7264
-63.7215
-63.7166
-63.7118
-63.7071
-63.7024
-63.6978
-63.6925
-63.6867
-63.6805
-63.6738
-63.6667
-63.6592
-63.6513
-63.643
-63.6345
-63.6256
-63.6163
-63.6068
-63.597
-63.5869
-63.5766
-63.566
-63.5552
-63.5442
-63.533
-63.5216
-63.51
-63.4982
-63.4863
-63.4743
-63.4621
-63.4497
-63.4373
-63.4247
-63.4121
-63.3993
-63.3865
-63.3736
-63.3606
-63.3476
-63.3345
-63.3214
-63.3082
-63.295
-63.2818
-63.2685
-63.2552
-63.2419
-63.2287
-63.2154
-63.2021
-63.1888
-63.1756
-63.1623
-63.1491
-63.1359
-63.1227
-63.1096
-63.0965
-63.0835
-63.0705
-63.0575
-63.0446
-63.0318
-63.019
-63.0063
-62.9936
-62.981
-62.9684
-62.956
-62.9436
-62.9313
-62.919
-62.9068
-62.8947
-62.8827
-62.8708
-62.8589
-62.8471
-62.8355
-62.8239
-62.8124
-62.8009
-62.7896
-62.7784
-62.7672
-62.7562
-62.7452
-62.7343
-62.7236
-62.7129
-62.7023
-62.6918
-62.6814
-62.6711
-62.6609
-62.6508
-62.6408
-62.6309
-62.6211
-62.6114
-62.6018
-62.5923
-62.5829
-62.5735
-62.5643
-62.5552
-62.5462
-62.5373
-62.5284
-62.5197
-62.5111
-62.5025
-62.4941
-62.4858
-62.4775
-62.4694
-62.4613
-62.4534
-62.4455
-62.4377
-62.4301
-62.4225
-62.415
-62.4076
-62.4003
-62.3931
-62.386
-62.379
-62.372
-62.3652
-62.3585
-62.3518
-62.3452
-62.3387
-62.3323
-62.326
-62.3198
-62.3136
-62.3076
-62.3016
-62.2957
-62.2899
-62.2842
-62.2786
-62.273
-62.2675
-62.2621
-62.2568
-62.2516
-62.2464
-62.2414
-62.2363
-62.2314
-62.2266
-62.2218
-62.2171
-62.2125
-62.2079
-62.2034
-62.199
-62.1947
-62.1904
-62.1862
-62.1821
-62.1781
-62.1741
-62.1701
-62.1663
-62.1625
-62.1588
-62.1551
-62.1515
-62.148
-62.1446
-62.1412
-62.1378
-62.1345
-62.1313
-62.1282
-62.1251
-62.1221
-62.1191
-62.1162
-62.1133
-62.1105
-62.1078
-62.1051
-62.1024
-62.0999
-62.0973
-62.0949
-62.0924
-62.0901
-62.0878
-62.0855
-62.0833
-62.0811
-62.079
-62.0769
-62.0749
-62.073
-62.071
-62.0692
-62.0674
-62.0656
-62.0638
-62.0622
-62.0605
-62.0589
-62.0574
-62.0559
-62.0544
-62.053
-62.0516
-62.0502
-62.0489
-62.0477
-62.0465
-62.0453
-62.0441
-62.043
-62.042
-62.0409
-62.04
-62.039
-62.0381
-62.0372
-62.0364
-62.0356
-62.0348
-62.034
-62.0333
-62.0327
-62.032
-62.0314
-62.0308
-62.0303
-62.0298
-62.0293
-62.0289
-62.0285
-62.0281
-62.0277
-62.0274
-62.0271
-62.0268
-62.0266
-62.0264
-62.0262
-62.026
-62.0259
-62.0258
-62.0257
-62.0257
-62.0257
-62.0257
-62.0257
-62.0258
-62.0258
-62.0259
-62.0261
-62.0262
-62.0264
-62.0266
-62.0268
-62.027
-62.0273
-62.0276
-62.0279
-62.0282
-62.0286
-62.029
-62.0294
-62.0298
-62.0302
-62.0307
-62.0311
-62.0316
-62.0321
-62.0327
-62.0332
-62.0338
-62.0344
-62.035
-62.0356
-62.0362
-62.0369
-62.0376
-62.0383
-62.039
-62.0397
-62.0404
-62.0412
-62.042
-62.0428
-62.0436
-62.0444
-62.0452
-62.0461
-62.0469
-62.0478
-62.0487
-62.0496
-62.0505
-62.0515
-62.0524
-62.0534
-62.0544
-62.0554
-62.0564
-62.0574
-62.0584
-62.0594
-62.0605
-62.0616
-62.0626
-62.0637
-62.0648
-62.0659
-62.067
-62.0682
-62.0693
-62.0705
-62.0716
-62.0728
-62.074
-62.0752
-62.0764
-62.0776
-62.0788
-62.0801
-62.0813
-62.0826
-62.0838
-62.0851
-62.0864
-62.0877
-62.089
-62.0903
-62.0916
-62.0929
-62.0943
-62.0956
-62.0969
-62.0983
-62.0997
-62.101
-62.1024
-62.1038
-62.1052
-62.1066
-62.108
-62.1094
-62.1108
-62.1123
-62.1137
-62.1152
-62.1166
-62.1181
-62.1195
-62.121
-62.1225
-62.1239
-62.1254
-62.1269
-62.1284
-62.1299
-62.1314
-62.133
-62.1345
-62.136
-62.1375
-62.1391
-62.1406
-62.1422
-62.1437
-62.1453
-62.1468
-62.1484
-62.15
-62.1515
-62.1531
-62.1547
-62.1563
-62.1579
-62.1595
-62.1611
-62.1627
-62.1643
-62.1659
-62.1675
-62.1692
-62.1708
-62.1724
-62.174
-62.1757
-62.1773
-62.179
-62.1806
-62.1823
-62.1839
-62.1856
-62.1872
-62.1889
-62.1906
-62.1922
-62.1939
-62.1956
-62.1973
-62.1989
-62.2006
-62.2023
-62.204
-62.2057
-62.2074
-62.2091
-62.2108
-62.2125
-62.2142
-62.2159
-62.2176
-62.2193
-62.221
-62.2227
-62.2244
-62.2262
-62.2279
-62.2296
-62.2313
-62.2331
-62.2348
-62.2365
-62.2383
-62.24
-62.2417
-62.2435
-62.2452
-62.2469
-62.2487
-62.2504
-62.2522
-62.2539
-62.2557
-62.2574
-62.2592
-62.2609
-62.2627
-62.2644
-62.2662
-62.2679
-62.2697
-62.2715
-62.2732
-62.275
-62.2767
-62.2785
-62.2803
-62.282
-62.2838
-62.2856
-62.2873
-62.2891
-62.2909
-62.2926
-62.2944
-62.2962
-62.298
-62.2997
-62.3015
-62.3033
-62.3051
-62.3068
-62.3086
-62.3104
-62.3122
-62.3139
-62.3157
-62.3175
-62.3193
-62.3211
-62.3228
-62.3246
-62.3264
-62.3282
-62.33
-62.3317
-62.3335
-62.3353
-62.3371
-62.3389
-62.3407
-62.3424
-62.3442
-62.346
-62.3478
-62.3496
-62.3514
-62.3531
-62.3549
-62.3567
-62.3585
-62.3603
-62.3621
-62.3638
-62.3656
-62.3674
-62.3692
-62.371
-62.3728
-62.3745
-62.3763
-62.3781
-62.3799
-62.3817
-62.3835
-62.3852
-62.387
-62.3888
-62.3906
-62.3924
-62.3941
-62.3959
-62.3977
-62.3995
-62.4013
-62.403
-62.4048
-62.4066
-62.4084
-62.4102
-62.4119
-62.4137
-62.4155
-62.4173
-62.419
-62.4208
-62.4226
-62.4244
-62.4261
-62.4279
-62.4297
-62.4315
-62.4332
-62.435
-62.4368
-62.4385
-62.4403
-62.4421
-62.4439
-62.4456
-62.4474
-62.4492
-62.4509
-62.4527
-62.4545
-62.4562
-62.458
-62.4598
-62.4615
-62.4633
-62.465
-62.4668
-62.4686
-62.4703
-62.4721
-62.4738
-62.4756
-62.4774
-62.4791
-62.4809
-62.4826
-62.4844
-62.4861
-62.4879
-62.4896
-62.4914
-62.4931
-62.4949
-62.4966
-62.4984
-62.5001
-62.5019
-62.5036
-62.5054
-62.5071
-62.5089
-62.5106
-62.5123
-62.5141
-62.5158
-62.5176
-62.5193
-62.521
-62.5228
-62.5245
-62.5262
-62.528
-62.5297
-62.5314
-62.5332
-62.5349
-62.5366
-62.5384
-62.5401
-62.5418
-62.5436
-62.5453
-62.547
-62.5487
-62.5504
-62.5522
-62.5539
-62.5556
-62.5573
-62.5591
-62.5608
-62.5625
-62.5642
-62.5659
-62.5676
-62.5693
-62.5711
-62.5728
-62.5745
-62.5762
-62.5779
-62.5796
-62.5813
-62.583
-62.5847
-62.5864
-62.5881
-62.5898
-62.5915
-62.5932
-62.5949
-62.5966
-62.5983
-62.6
-62.6017
-62.6034
-62.6051
-62.6068
-62.6085
-62.6102
-62.6118
-62.6135
-62.6152
-62.6169
-62.6186
-62.6203
-62.622
-62.6236
-62.6253
-62.627
-62.6287
-62.6304
-62.632
-62.6337
-62.6354
-62.6371
-62.6387
-62.6404
-62.6421
-62.6437
-62.6454
-62.6471
-62.6487
-62.6497
-62.65
-62.6499
-62.6493
-62.6482
-62.6466
-62.6447
-62.6423
-62.6395
-62.6363
-62.6328
-62.6289
-62.6247
-62.6202
-62.6153
-62.6102
-62.6048
-62.5991
-62.5931
-62.587
-62.5806
-62.5739
-62.5671
-62.5601
-62.5528
-62.5455
-62.5379
-62.5302
-62.5216
-62.5123
-62.5024
-62.4918
-62.4807
-62.469
-62.4568
-62.4441
-62.431
-62.4173
-62.4032
-62.3888
-62.3739
-62.3587
-62.3431
-62.3272
-62.3109
-62.2944
-62.2776
-62.2605
-62.2432
-62.2257
-62.208
-62.19
-62.1719
-62.1536
-62.1352
-62.1166
-62.0979
-62.0791
-62.0602
-62.0411
-62.022
-62.0028
-61.9836
-61.9643
-61.9449
-61.9256
-61.9061
-61.8867
-61.8673
-61.8479
-61.8284
-61.809
-61.7896
-61.7702
-61.7509
-61.7316
-61.7124
-61.6932
-61.674
-61.6549
-61.6359
-61.6169
-61.5981
-61.5793
-61.5606
-61.5419
-61.5234
-61.505
-61.4866
-61.4684
-61.4503
-61.4323
-61.4136
-61.3946
-61.3751
-61.3553
-61.3352
-61.3148
-61.294
-61.273
-61.2518
-61.2302
-61.2085
-61.1866
-61.1645
-61.1422
-61.1197
-61.0971
-61.0744
-61.0516
-61.0287
-61.0057
-60.9826
-60.9594
-60.9362
-60.9129
-60.8897
-60.8664
-60.8431
-60.8197
-60.7964
-60.7731
-60.7499
-60.7267
-60.7035
-60.6803
-60.6572
-60.6342
-60.6113
-60.5884
-60.5656
-60.5429
-60.5203
-60.4978
-60.4753
-60.453
-60.4308
-60.4088
-60.3868
-60.365
-60.3433
-60.3217
-60.3003
-60.279
-60.2578
-60.2368
-60.216
-60.1953
-60.1747
-60.1543
-60.1341
-60.114
-60.0941
-60.0743
-60.0547
-60.0353
-60.016
-59.9969
-59.978
-59.9593
-59.9407
-59.9223
-59.9041
-59.886
-59.8681
-59.8504
-59.8329
-59.8155
-59.7984
-59.7814
-59.7646
-59.7479
-59.7315
-59.7152
-59.6991
-59.6832
-59.6674
-59.6519
-59.6365
-59.6213
-59.6062
-59.5914
-59.5767
-59.5622
-59.5478
-59.5337
-59.5197
-59.5059
-59.4922
-59.4787
-59.4654
-59.4523
-59.4394
-59.4266
-59.4139
-59.4015
-59.3892
-59.3771
-59.3651
-59.3533
-59.3417
-59.3302
-59.3189
-59.3077
-59.2967
-59.2859
-59.2752
-59.2647
-59.2543
-59.2441
-59.234
-59.2241
-59.2144
-59.2048
-59.1953
-59.186
-59.1768
-59.1678
-59.1589
-59.1501
-59.1415
-59.133
-59.1247
-59.1165
-59.1085
-59.1006
-59.0928
-59.0851
-59.0776
-59.0702
-59.063
-59.0558
-59.0488
-59.042
-59.0345
-59.0267
-59.0185
-59.0099
-59.0011
-58.9919
-58.9825
-58.9728
-58.9628
-58.9526
-58.9421
-58.9315
-58.9206
-58.9096
-58.8984
-58.887
-58.8754
-58.8638
-58.852
-58.84
-58.828
-58.8158
-58.8036
-58.7913
-58.7789
-58.7658
-58.7521
-58.7378
-58.7231
-58.7079
-58.6922
-58.6761
-58.6596
-58.6428
-58.6256
-58.608
-58.5902
-58.572
-58.5536
-58.5349
-58.516
-58.4968
-58.4775
-58.4579
-58.4382
-58.4184
-58.3983
-58.3782
-58.3579
-58.3376
-58.3171
-58.2966
-58.276
-58.2553
-58.2346
-58.2139
-58.1931
-58.1723
-58.1515
-58.1308
-58.11
-58.0893
-58.0685
-58.0479
-58.0272
-58.0066
-57.9861
-57.9656
-57.9452
-57.9249
-57.9047
-57.8845
-57.8645
-57.8445
-57.8246
-57.8049
-57.7852
-57.7657
-57.7463
-57.727
-57.7079
-57.6888
-57.6699
-57.6512
-57.6326
-57.6141
-57.5957
-57.5776
-57.5595
-57.5416
-57.5239
-57.5063
-57.4889
-57.4716
-57.4545
-57.4376
-57.4208
-57.4042
-57.3877
-57.3715
-57.3554
-57.3394
-57.3236
-57.308
-57.2926
-57.2773
-57.2622
-57.2473
-57.2325
-57.218
-57.2036
-57.1893
-57.1753
-57.1614
-57.1477
-57.1341
-57.1207
-57.1075
-57.0945
-57.0816
-57.0689
-57.0564
-57.0441
-57.0319
-57.0199
-57.008
-56.9964
-56.9848
-56.9735
-56.9623
-56.9513
-56.9405
-56.9298
-56.9193
-56.9089
-56.8987
-56.8887
-56.8788
-56.8691
-56.8595
-56.8501
-56.8408
-56.8317
-56.8228
-56.814
-56.8054
-56.7969
-56.7885
-56.7803
-56.7723
-56.7644
-56.7566
-56.749
-56.7416
-56.7342
-56.7271
-56.72
-56.7131
-56.7064
-56.6997
-56.6932
-56.6869
-56.6807
-56.6746
-56.6686
-56.6628
-56.6571
-56.6515
-56.646
-56.6407
-56.6355
-56.6304
-56.6255
-56.6207
-56.6159
-56.6114
-56.6069
-56.6025
-56.5983
-56.5941
-56.5901
-56.5862
-56.5824
-56.5788
-56.5752
-56.5717
-56.5684
-56.5651
-56.562
-56.5589
-56.556
-56.5531
-56.5504
-56.5478
-56.5452
-56.5428
-56.5404
-56.5382
-56.536
-56.534
-56.532
-56.5301
-56.5284
-56.5267
-56.525
-56.5235
-56.5221
-56.5208
-56.5195
-56.5183
-56.5172
-56.5162
-56.5153
-56.5144
-56.5137
-56.513
-56.5124
-56.5118
-56.5114
-56.511
-56.5107
-56.5104
-56.5103
-56.5102
-56.5102
-56.5102
-56.5103
-56.5105
-56.5108
-56.5111
-56.5115
-56.5119
-56.5125
-56.513
-56.5137
-56.5144
-56.5152
-56.516
-56.5169
-56.5178
-56.5189
-56.5199
-56.5211
-56.5222
-56.5235
-56.5248
-56.5261
-56.5275
-56.529
-56.5305
-56.5321
-56.5337
-56.5354
-56.5371
-56.5389
-56.5407
-56.5425
-56.5445
-56.5464
-56.5484
-56.5505
-56.5526
-56.5547
-56.5569
-56.5591
-56.5614
-56.5637
-56.5661
-56.5685
-56.571
-56.5734
-56.576
-56.5785
-56.5811
-56.5838
-56.5865
-56.5892
-56.592
-56.5947
-56.5976
-56.6004
-56.6033
-56.6063
-56.6093
-56.6123
-56.6153
-56.6184
-56.6215
-56.6246
-56.6278
-56.631
-56.6342
-56.6375
-56.6408
-56.6441
-56.6474
-56.6508
-56.6542
-56.6577
-56.6611
-56.6646
-56.6682
-56.6717
-56.6753
-56.6789
-56.6825
-56.6862
-56.6898
-56.6935
-56.6973
-56.701
-56.7048
-56.7086
-56.7124
-56.7162
-56.7201
-56.724
-56.7279
-56.7318
-56.7358
-56.7397
-56.7437
-56.7477
-56.7518
-56.7558
-56.7599
-56.764
-56.7681
-56.7722
-56.7763
-56.7805
-56.7847
-56.7889
-56.7931
-56.7973
-56.8016
-56.8058
-56.8101
-56.8144
-56.8187
-56.8231
-56.8274
-56.8318
-56.8361
-56.8405
-56.8449
-56.8494
-56.8538
-56.8582
-56.8627
-56.8672
-56.8716
-56.8761
-56.8806
-56.8852
-56.8897
-56.8942
-56.8988
-56.9034
-56.908
-56.9125
-56.9172
-56.9218
-56.9264
-56.931
-56.9357
-56.9403
-56.945
-56.9497
-56.9544
-56.9591
-56.9638
-56.9685
-56.9732
-56.9779
-56.9827
-56.9874
-56.9922
-56.997
-57.0017
-57.0065
-57.0113
-57.0161
-57.0209
-57.0257
-57.0305
-57.0354
-57.0402
-57.045
-57.0499
-57.0548
-57.0596
-57.0645
-57.0694
-57.0742
-57.0791
-57.084
-57.0889
-57.0938
-57.0987
-57.1036
-57.1086
-57.1135
-57.1184
-57.1234
-57.1283
-57.1332
-57.1382
-57.1432
-57.1481
-57.1531
-57.158
-57.163
-57.168
-57.173
-57.178
-57.1829
-57.1879
-57.1929
-57.1979
-57.2029
-57.2079
-57.213
-57.218
-57.223
-57.228
-57.233
-57.238
-57.2431
-57.2481
-57.2531
-57.2582
-57.2632
-57.2682
-57.2733
-57.2783
-57.2834
-57.2884
-57.2935
-57.2985
-57.3036
-57.3086
-57.3137
-57.3187
-57.3238
-57.3289
-57.3339
-57.339
-57.3441
-57.3491
-57.3542
-57.3593
-57.3643
-57.3694
-57.3745
-57.3796
-57.3846
-57.3897
-57.3948
-57.3999
-57.4049
-57.41
-57.4151
-57.4202
-57.4253
-57.4303
-57.4354
-57.4405
-57.4456
-57.4507
-57.4557
-57.4608
-57.4659
-57.471
-57.4761
-57.4812
-57.4862
-57.4913
-57.4964
-57.5015
-57.5066
-57.5116
-57.5167
-57.5218
-57.5269
-57.532
-57.537
-57.5421
-57.5472
-57.5523
-57.5573
-57.5624
-57.5675
-57.5726
-57.5776
-57.5827
-57.5878
-57.5929
-57.5979
-57.603
-57.6081
-57.6131
-57.6182
-57.6232
-57.6283
-57.6334
-57.6384
-57.6435
-57.6485
-57.6536
-57.6587
-57.6637
-57.6688
-57.6738
-57.6789
-57.6839
-57.689
-57.694
-57.6991
-57.7041
-57.7091
-57.7142
-57.7192
-57.7242
-57.7293
-57.7343
-57.7393
-57.7444
-57.7494
-57.7544
-57.7594
-57.7645
-57.7695
-57.7745
-57.7795
-57.7845
-57.7895
-57.7946
-57.7996
-57.8046
-57.8096
-57.8146
-57.8196
-57.8246
-57.8296
-57.8346
-57.8396
-57.8445
-57.8495
-57.8545
-57.8595
-57.8645
-57.8695
-57.8744
-57.8794
-57.8844
-57.8894
-57.8943
-57.8993
-57.9043
-57.9092
-57.9142
-57.9191
-57.9241
-57.929
-57.934
-57.9389
-57.9439
-57.9488
-57.9538
-57.9587
-57.9636
-57.9686
-57.9735
-57.9784
-57.9833
-57.9883
-57.9932
-57.9981
-58.003
-58.0079
-58.0128
-58.0177
-58.0227
-58.0276
-58.0325
-58.0374
-58.0422
-58.0471
-58.052
-58.0569
-58.0618
-58.0667
-58.0716
-58.0764
-58.0813
-58.0862
-58.091
-58.0959
-58.1008
-58.1056
-58.1105
-58.1153
-58.1202
-58.125
-58.1299
-58.1347
-58.1396
-58.1444
-58.1492
-58.1541
-58.1589
-58.1637
-58.1685
-58.1734
-58.1782
-58.183
-58.1878
-58.1926
-58.1974
-58.2022
-58.207
-58.2118
-58.2166
-58.2214
-58.2262
-58.231
-58.2358
-58.2405
-58.2453
-58.2501
-58.2549
-58.2596
-58.2644
-58.2692
-58.2739
-58.2787
-58.2834
-58.2882
-58.2929
-58.2977
-58.3024
-58.3072
-58.3119
-58.3166
-58.3214
-58.3261
-58.3308
-58.3355
-58.3403
-58.345
-58.3497
-58.3544
-58.3591
-58.3638
-58.3685
-58.3732
-58.3779
-58.3826
-58.3873
-58.392
-58.3966
-58.4013
-58.406
-58.4107
-58.4153
-58.42
-58.4247
-58.4293
-58.434
-58.4387
-58.4433
-58.448
-58.4526
-58.4572
-58.4619
-58.4665
-58.4712
-58.4758
-58.4804
-58.485
-58.4897
-58.4943
-58.4989
-58.5035
-58.5081
-58.5127
-58.5173
-58.5219
-58.5265
-58.5311
-58.5357
-58.5403
-58.5449
-58.5495
-58.5541
-58.5586
-58.5632
-58.5678
-58.5723
-58.5769
-58.5815
-58.586
-58.5906
-58.5951
-58.5997
-58.6042
-58.6088
-58.6133
-58.6178
-58.6224
-58.6269
-58.6314
-58.636
-58.6405
-58.645
-58.6495
-58.654
-58.6585
-58.663
-58.6675
-58.672
-58.6765
-58.681
-58.6855
-58.69
-58.6945
-58.699
-58.7035
-58.7079
-58.7124
-58.7169
-58.7213
-58.7258
-58.7303
-58.7347
-58.7392
-58.7436
-58.7481
-58.7525
-58.757
-58.7614
-58.7658
-58.7703
-58.7747
-58.7791
-58.7836
-58.788
-58.7924
-58.7968
-58.8012
-58.8056
-58.81
-58.8144
-58.8188
-58.8232
-58.8276
-58.832
-58.8364
-58.8408
-58.8452
-58.8495
-58.8539
-58.8583
-58.8627
-58.867
-58.8714
-58.8757
-58.8801
-58.8845
-58.8888
-58.8932
-58.8975
-58.9018
-58.9062
-58.9105
-58.9148
-58.9192
-58.9235
-58.9278
-58.9321
-58.9365
-58.9408
-58.9451
-58.9494
-58.9537
-58.958
-58.9623
-58.9666
-58.9709
-58.9752
-58.9795
-58.9838
-58.9873
-58.9904
-58.993
-58.9951
-58.9968
-58.998
-58.9989
-58.9993
-58.9994
-58.9991
-58.9985
-58.9975
-58.9962
-58.9946
-58.9928
-58.9906
-58.9882
-58.9855
-58.9826
-58.9794
-58.9761
-58.9725
-58.9687
-58.9648
-58.9606
-58.9563
-58.9518
-58.9472
-58.9425
-58.9376
-58.9326
-58.9274
-58.9222
-58.9168
-58.9114
-58.9058
-58.9002
-58.8945
-58.8888
-58.8829
-58.877
-58.8711
-58.8651
-58.8591
-58.853
-58.8469
-58.8408
-58.8346
-58.8285
-58.8223
-58.8161
-58.8099
-58.8037
-58.7975
-58.7913
-58.7851
-58.7789
-58.7727
-58.7666
-58.7604
-58.7543
-58.7482
-58.7422
-58.7361
-58.7301
-58.7242
-58.7182
-58.7116
-58.7046
-58.6971
-58.6892
-58.6809
-58.6722
-58.6632
-58.6538
-58.6441
-58.6341
-58.6239
-58.6133
-58.6025
-58.5915
-58.5802
-58.5687
-58.5571
-58.5452
-58.5332
-58.521
-58.5087
-58.4962
-58.4836
-58.4708
-58.458
-58.4451
-58.4321
-58.419
-58.4059
-58.3926
-58.3794
-58.3661
-58.3527
-58.3394
-58.326
-58.3126
-58.2991
-58.2857
-58.2723
-58.2589
-58.2455
-58.2322
-58.2188
-58.2055
-58.1923
-58.179
-58.1659
-58.1527
-58.1396
-58.1266
-58.1137
-58.1008
-58.088
-58.0752
-58.0626
-58.05
-58.0375
-58.025
-58.0127
-58.0004
-57.9883
-57.9762
-57.9642
-57.9524
-57.9406
-57.9289
-57.9174
-57.9059
-57.8946
-57.8833
-57.8722
-57.8611
-57.8502
-57.8394
-57.8287
-57.8181
-57.8077
-57.7973
-57.7871
-57.777
-57.767
-57.7571
-57.7474
-57.7377
-57.7282
-57.7188
-57.7095
-57.7004
-57.6913
-57.6824
-57.6736
-57.6649
-57.6564
-57.6479
-57.6396
-57.6314
-57.6234
-57.6154
-57.6076
-57.5999
-57.5923
-57.5848
-57.5774
-57.5702
-57.5631
-57.5561
-57.5492
-57.5424
-57.5357
-57.5292
-57.5228
-57.5165
-57.5103
-57.5042
-57.4982
-57.4924
-57.4866
-57.481
-57.4754
-57.47
-57.4647
-57.4595
-57.4544
-57.4494
-57.4446
-57.4398
-57.4351
-57.4306
-57.4261
-57.4217
-57.4175
-57.4133
-57.4093
-57.4053
-57.4015
-57.3977
-57.394
-57.3905
-57.387
-57.3836
-57.3804
-57.3772
-57.3741
-57.3711
-57.3682
-57.3653
-57.3626
-57.36
-57.3574
-57.3549
-57.3526
-57.3503
-57.3481
-57.3459
-57.3439
-57.3419
-57.34
-57.3382
-57.3365
-57.3349
-57.3333
-57.3318
-57.3304
-57.3291
-57.3279
-57.3267
-57.3256
-57.3245
-57.3236
-57.3227
-57.3219
-57.3211
-57.3205
-57.3198
-57.3193
-57.3188
-57.3184
-57.3181
-57.3178
-57.3176
-57.3175
-57.3174
-57.3174
-57.3174
-57.3175
-57.3177
-57.3179
-57.3182
-57.3186
-57.319
-57.3194
-57.3199
-57.3205
-57.3211
-57.3218
-57.3226
-57.3234
-57.3242
-57.3251
-57.3261
-57.3271
-57.3281
-57.3292
-57.3304
-57.3316
-57.3328
-57.3341
-57.3355
-57.3369
-57.3383
-57.3398
-57.3413
-57.3429
-57.3445
-57.3462
-57.3479
-57.3496
-57.3514
-57.3532
-57.3551
-57.357
-57.359
-57.361
-57.363
-57.3651
-57.3672
-57.3693
-57.3715
-57.3737
-57.376
-57.3783
-57.3806
-57.3829
-57.3853
-57.3878
-57.3902
-57.3927
-57.3953
-57.3978
-57.4004
-57.4031
-57.4057
-57.4084
-57.4111
-57.4139
-57.4166
-57.4194
-57.4223
-57.4252
-57.428
-57.431
-57.4339
-57.4369
-57.4399
-57.4429
-57.446
-57.4491
-57.4522
-57.4553
-57.4584
-57.4616
-57.4648
-57.4681
-57.4713
-57.4746
-57.4779
-57.4812
-57.4845
-57.4879
-57.4913
-57.4947
-57.4981
-57.5016
-57.505
-57.5085
-57.512
-57.5155
-57.5191
-57.5227
-57.5262
-57.5298
-57.5335
-57.5371
-57.5408
-57.5444
-57.5481
-57.5518
-57.5555
-57.5593
-57.563
-57.5668
-57.5706
-57.5744
-57.5782
-57.5821
-57.5859
-57.5898
-57.5937
-57.5975
-57.6014
-57.6054
-57.6093
-57.6132
-57.6172
-57.6212
-57.6252
-57.6292
-57.6332
-57.6372
-57.6412
-57.6453
-57.6493
-57.6534
-57.6575
-57.6616
-57.6657
-57.6698
-57.6739
-57.6781
-57.6822
-57.6864
-57.6905
-57.6947
-57.6989
-57.7031
-57.7073
-57.7115
-57.7157
-57.7199
-57.7242
-57.7284
-57.7327
-57.737
-57.7412
-57.7455
-57.7498
-57.7541
-57.7584
-57.7627
-57.767
-57.7713
-57.7757
-57.78
-57.7844
-57.7887
-57.7931
-57.7974
-57.8018
-57.8062
-57.8106
-57.815
-57.8193
-57.8237
-57.8282
-57.8326
-57.837
-57.8414
-57.8458
-57.8503
-57.8547
-57.8591
-57.8636
-57.868
-57.8725
-57.877
-57.8814
-57.8859
-57.8904
-57.8948
-57.8993
-57.9038
-57.9083
-57.9128
-57.9173
-57.9218
-57.9263
-57.9308
-57.9353
-57.9398
-57.9443
-57.9489
-57.9534
-57.9579
-57.9624
-57.967
-57.9715
-57.976
-57.9806
-57.9851
-57.9897
-57.9942
-57.9988
-58.0033
-58.0079
-58.0124
-58.017
-58.0215
-58.0261
-58.0307
-58.0352
-58.0398
-58.0444
-58.0489
-58.0535
-58.0581
-58.0626
-58.0672
-58.0718
-58.0764
-58.0809
-58.0855
-58.0901
-58.0947
-58.0993
-58.1039
-58.1084
-58.113
-58.1176
-58.1222
-58.1268
-58.1314
-58.1359
-58.1405
-58.1451
-58.1497
-58.1543
-58.1589
-58.1635
-58.1681
-58.1727
-58.1773
-58.1812
-58.1846
-58.1875
-58.1899
-58.192
-58.1936
-58.1948
-58.1956
-58.1961
-58.1962
-58.196
-58.1954
-58.1945
-58.1934
-58.1919
-58.1902
-58.1882
-58.186
-58.1835
-58.1808
-58.1779
-58.1748
-58.1715
-58.1681
-58.1644
-58.1606
-58.1566
-58.1525
-58.1482
-58.1438
-58.1393
-58.1347
-58.13
-58.1251
-58.1202
-58.1152
-58.1101
-58.1049
-58.0997
-58.0944
-58.0891
-58.0837
-58.0782
-58.0727
-58.0672
-58.0617
-58.0561
-58.0505
-58.0449
-58.0392
-58.0336
-58.0279
-58.0223
-58.0167
-58.011
-58.0054
-57.9998
-57.9941
-57.9886
-57.983
-57.9774
-57.9719
-57.9664
-57.961
-57.9555
-57.9501
-57.9448
-57.9394
-57.9342
-57.9289
-57.9237
-57.9186
-57.9135
-57.9084
-57.9034
-57.8985
-57.8936
-57.8887
-57.8839
-57.8792
-57.8745
-57.8699
-57.8653
-57.8608
-57.8564
-57.852
-57.8477
-57.8434
-57.8392
-57.8351
-57.831
-57.827
-57.8231
-57.8193
-57.8155
-57.8117
-57.8081
-57.8045
-57.8009
-57.7975
-57.7941
-57.7908
-57.7875
-57.7843
-57.7812
-57.7781
-57.7752
-57.7722
-57.7694
-57.7666
-57.7639
-57.7613
-57.7587
-57.7562
-57.7538
-57.7514
-57.7491
-57.7469
-57.7447
-57.7426
-57.7406
-57.7386
-57.7367
-57.7349
-57.7331
-57.7314
-57.7297
-57.7282
-57.7267
-57.7252
-57.7238
-57.7225
-57.7213
-57.7201
-57.719
-57.7179
-57.7169
-57.7159
-57.7151
-57.7142
-57.7135
-57.7128
-57.7121
-57.7115
-57.711
-57.7106
-57.7101
-57.7098
-57.7095
-57.7093
-57.7091
-57.7089
-57.7089
-57.7088
-57.7089
-57.709
-57.7091
-57.7093
-57.7095
-57.7098
-57.7102
-57.7106
-57.711
-57.7115
-57.7121
-57.7127
-57.7133
-57.714
-57.7148
-57.7156
-57.7164
-57.7173
-57.7182
-57.7192
-57.7202
-57.7213
-57.7224
-57.7235
-57.7247
-57.726
-57.7272
-57.7286
-57.7299
-57.7313
-57.7328
-57.7343
-57.7358
-57.7373
-57.739
-57.7406
-57.7423
-57.744
-57.7457
-57.7475
-57.7494
-57.7512
-57.7531
-57.7551
-57.757
-57.7591
-57.7611
-57.7632
-57.7653
-57.7674
-57.7696
-57.7718
-57.774
-57.7763
-57.7786
-57.7809
-57.7833
-57.7857
-57.7881
-57.7906
-57.793
-57.7955
-57.7981
-57.8007
-57.8032
-57.8059
-57.8085
-57.8112
-57.8139
-57.8166
-57.8194
-57.8221
-57.8249
-57.8278
-57.8306
-57.8335
-57.8364
-57.8393
-57.8423
-57.8452
-57.8482
-57.8513
-57.8543
-57.8574
-57.8604
-57.8635
-57.8667
-57.8698
-57.873
-57.8762
-57.8794
-57.8826
-57.8858
-57.8891
-57.8924
-57.8957
-57.899
-57.9023
-57.9057
-57.9091
-57.9125
-57.9159
-57.9193
-57.9227
-57.9262
-57.9297
-57.9332
-57.9367
-57.9402
-57.9437
-57.9473
-57.9508
-57.9544
-57.958
-57.9616
-57.9653
-57.9689
-57.9725
-57.9762
-57.9799
-57.9836
-57.9873
-57.991
-57.9947
-57.9985
-58.0022
-58.006
-58.0098
-58.0136
-58.0174
-58.0212
-58.025
-58.0289
-58.0327
-58.0366
-58.0404
-58.0443
-58.0482
-58.0521
-58.056
-58.0599
-58.0639
-58.0678
-58.0718
-58.0757
-58.0797
-58.0836
-58.0876
-58.0916
-58.0956
-58.0996
-58.1036
-58.1077
-58.1117
-58.1157
-58.1198
-58.1238
-58.1279
-58.132
-58.1361
-58.1401
-58.1442
-58.1483
-58.1524
-58.1565
-58.1606
-58.1648
-58.1689
-58.173
-58.1772
-58.1813
-58.1855
-58.1896
-58.1938
-58.198
-58.2021
-58.2063
-58.2105
-58.2147
-58.2189
-58.2231
-58.2273
-58.2315
-58.2357
-58.2399
-58.2441
-58.2484
-58.2526
-58.2568
-58.2611
-58.2653
-58.2695
-58.2738
-58.278
-58.2823
-58.2866
-58.2908
-58.2951
-58.2994
-58.3036
-58.3079
-58.3122
-58.3165
-58.3207
-58.325
-58.3293
-58.3336
-58.3379
-58.3422
-58.3465
-58.3508
-58.3551
-58.3594
-58.3637
-58.368
-58.3723
-58.3766
-58.381
-58.3853
-58.3896
-58.3939
-58.3982
-58.4026
-58.4069
-58.4112
-58.4155
-58.4199
-58.4242
-58.4285
-58.4329
-58.4372
-58.4415
-58.4459
-58.4502
-58.4546
-58.4589
-58.4632
-58.4676
-58.4719
-58.4763
-58.4806
-58.4849
-58.4893
-58.4936
-58.498
-58.5023
-58.5067
-58.511
-58.5154
-58.5197
-58.5241
-58.5284
-58.5327
-58.5371
-58.5414
-58.5458
-58.5501
-58.5545
-58.5588
-58.5632
-58.5675
-58.5719
-58.5762
-58.5806
-58.5849
-58.5893
-58.5936
-58.5979
-58.6023
-58.6066
-58.611
-58.6153
-58.6197
-58.624
-58.6283
-58.6327
-58.637
-58.6414
-58.6457
-58.65
-58.6544
-58.6587
-58.663
-58.6674
-58.6717
-58.676
-58.6804
-58.6847
-58.689
-58.6933
-58.6977
-58.702
-58.7063
-58.7106
-58.715
-58.7193
-58.7236
-58.7279
-58.7322
-58.7366
-58.7409
-58.7452
-58.7495
-58.7538
-58.7581
-58.7624
-58.7667
-58.771
-58.7753
-58.7796
-58.7839
-58.7882
-58.7925
-58.7968
-58.8011
-58.8054
-58.8097
-58.814
-58.8183
-58.8226
-58.8269
-58.8311
-58.8354
-58.8397
-58.844
-58.8483
-58.8525
-58.8568
-58.8611
-58.8653
-58.8696
-58.8739
-58.8781
-58.8824
-58.8867
-58.8909
-58.8952
-58.8994
-58.9037
-58.9079
-58.9122
-58.9164
-58.9207
-58.9249
-58.9292
-58.9334
-58.9376
-58.9419
-58.9461
-58.9503
-58.9546
-58.9588
-58.963
-58.9672
-58.9714
-58.9757
-58.9799
-58.9841
-58.9883
-58.9925
-58.9967
-59.0009
-59.0051
-59.0093
-59.0135
-59.0177
-59.0219
-59.0261
-59.0303
-59.0345
-59.0387
-59.0428
-59.047
-59.0512
-59.0554
-59.0596
-59.0637
-59.0679
-59.0721
-59.0762
-59.0804
-59.0845
-59.0887
-59.0929
-59.097
-59.1012
-59.1053
-59.1095
-59.1136
-59.1177
-59.1219
-59.126
-59.1302
-59.1343
-59.1384
-59.1425
-59.1467
-59.1508
-59.1549
-59.159
-59.1631
-59.1672
-59.1714
-59.1755
-59.1796
-59.1837
-59.1878
-59.1919
-59.196
-59.2001
-59.2041
-59.2082
-59.2123
-59.2164
-59.2205
-59.2246
-59.2286
-59.2327
-59.2368
-59.2408
-59.2449
-59.249
-59.253
-59.2571
-59.2611
-59.2652
-59.2692
-59.2733
-59.2773
-59.2814
-59.2854
-59.2895
-59.2935
-59.2975
-59.3016
-59.3056
-59.3096
-59.3136
-59.3177
-59.3217
-59.3257
-59.3297
-59.3337
-59.3377
-59.3417
-59.3457
-59.3497
-59.3537
-59.3577
-59.3617
-59.3657
-59.3697
-59.3737
-59.3776
-59.3816
-59.3856
-59.3896
-59.3935
-59.3975
-59.4015
-59.4054
-59.4094
-59.4134
-59.4173
-59.4213
-59.4252
-59.4292
-59.4331
-59.437
-59.441
-59.4449
-59.4489
-59.4528
-59.4567
-59.4606
-59.4646
-59.4685
-59.4724
-59.4763
-59.4802
-59.4841
-59.4881
-59.492
-59.4959
-59.4998
-59.5037
-59.5076
-59.5115
-59.5153
-59.5192
-59.5231
-59.527
-59.5309
-59.5348
-59.5386
-59.5425
-59.5464
-59.5502
-59.5541
-59.558
-59.5618
-59.5657
-59.5695
-59.5734
-59.5772
-59.5811
-59.5849
-59.5888
-59.5926
-59.5964
-59.6003
-59.6041
-59.6079
-59.6117
-59.6156
-59.6194
-59.6232
-59.627
-59.6308
-59.6346
-59.6384
-59.6423
-59.6461
-59.6499
-59.6537
-59.6574
-59.6612
-59.665
-59.6688
-59.6726
-59.6764
-59.6802
-59.6839
-59.6877
-59.6915
-59.6952
-59.699
-59.7028
-59.7065
-59.7103
-59.714
-59.7178
-59.7215
-59.7253
-59.729
-59.7328
-59.7365
-59.7402
-59.744
-59.7477
-59.7514
-59.7552
-59.7589
-59.7626
-59.7663
-59.77
-59.7738
-59.7775
-59.7812
-59.7849
-59.7886
-59.7923
-59.796
-59.7997
-59.8034
-59.8071
-59.8108
-59.8144
-59.8181
-59.8218
-59.8255
-59.8292
-59.8328
-59.8365
-59.8402
-59.8438
-59.8475
-59.8511
-59.8548
-59.8585
-59.8621
-59.8658
-59.8694
-59.873
-59.8767
-59.8803
-59.884
-59.8876
-59.8912
-59.8949
-59.8985
-59.9021
-59.9057
-59.9093
-59.913
-59.9166
-59.9202
-59.9238
-59.9274
-59.931
-59.9346
-59.9382
-59.9418
-59.9454
-59.949
-59.9526
-59.9562
-59.9597
-59.9633
-59.9669
-59.9705
-59.974
-59.9776
-59.9812
-59.9848
-59.9883
-59.9919
-59.9954
-59.999
-60.0025
-60.0061
-60.0096
-60.0132
-60.0167
-60.0203
-60.0238
-60.0273
-60.0309
-60.0344
-60.0379
-60.0415
-60.045
-60.0485
-60.052
-60.0555
-60.0591
-60.0626
-60.0661
-60.0696
-60.0731
-60.0766
-60.0801
-60.0836
-60.0871
-60.0906
-60.094
-60.0975
-60.101
-60.1045
-60.108
-60.1115
-60.1149
-60.1184
-60.1219
-60.1253
-60.1288
-60.1323
-60.1357
-60.1392
-60.1426
-60.1461
-60.1495
-60.153
-60.1564
-60.1599
-60.1633
-60.1667
-60.1702
-60.1736
-60.177
-60.1805
-60.1839
-60.1873
-60.1907
-60.1941
-60.1976
-60.201
-60.2044
-60.2078
-60.2112
-60.2146
-60.218
-60.2214
-60.2248
-60.2282
-60.2316
-60.235
-60.2383
-60.2417
-60.2451
-60.2485
-60.2519
-60.2552
-60.2586
-60.262
-60.2653
-60.2687
-60.2721
-60.2754
-60.2788
-60.2821
-60.2855
-60.2888
-60.2922
-60.2955
-60.2989
-60.3022
-60.3056
-60.3089
-60.3122
-60.3156
-60.3189
-60.3222
-60.3255
-60.3289
-60.3322
-60.3355
-60.3388
-60.3421
-60.3454
-60.3487
-60.352
-60.3554
-60.3587
-60.3619
-60.3652
-60.3685
-60.3718
-60.3751
-60.3784
-60.3817
-60.385
-60.3882
-60.3915
-60.3948
-60.3981
-60.4013
-60.4046
-60.4079
-60.4111
-60.4144
-60.4177
-60.4209
-60.4242
-60.4274
-60.4307
-60.4339
-60.4372
-60.4404
-60.4436
-60.4469
-60.4501
-60.4533
-60.4566
-60.4598
-60.463
-60.4663
-60.4695
-60.4727
-60.4759
-60.4791
-60.4823
-60.4856
-60.4888
-60.492
-60.4952
-60.4984
-60.5016
-60.5048
-60.508
-60.5111
-60.5143
-60.5175
-60.5207
-60.5239
-60.5271
-60.5303
-60.5334
-60.5366
-60.5398
-60.5429
-60.5461
-60.5493
-60.5524
-60.5556
-60.5588
-60.5619
-60.5651
-60.5682
-60.5714
-60.5745
-60.5777
-60.5808
-60.5839
-60.5871
-60.5902
-60.5933
-60.5965
-60.5996
-60.6027
-60.6059
-60.609
-60.6121
-60.6152
-60.6183
-60.6214
-60.6245
-60.6277
-60.6308
-60.6339
-60.637
-60.6401
-60.6432
-60.6463
-60.6494
-60.6524
-60.6555
-60.6586
-60.6617
-60.6648
-60.6679
-60.6709
-60.674
-60.6771
-60.6802
-60.6832
-60.6863
-60.6894
-60.6924
-60.6955
-60.6985
-60.7016
-60.7047
-60.7077
-60.7108
-60.7138
-60.7168
-60.7199
-60.7229
-60.726
-60.729
-60.732
-60.7351
-60.7381
-60.7411
-60.7442
-60.7472
-60.7502
-60.7532
-60.7562
-60.7593
-60.7623
-60.7653
-60.7683
-60.7713
-60.7743
-60.7773
-60.7803
-60.7833
-60.7863
-60.7893
-60.7923
-60.7953
-60.7982
-60.8012
-60.8042
-60.8072
-60.8102
-60.8131
-60.8161
-60.8191
-60.8221
-60.825
-60.828
-60.831
-60.8339
-60.8369
-60.8398
-60.8428
-60.8457
-60.8487
-60.8516
-60.8546
-60.8575
-60.8605
-60.8634
-60.8664
-60.8693
-60.8722
-60.8752
-60.8781
-60.881
-60.8839
-60.8869
-60.8898
-60.8927
-60.8956
-60.8985
-60.9015
-60.9044
-60.9073
-60.9102
-60.9131
-60.916
-60.9189
-60.9218
-60.9247
-60.9276
-60.9305
-60.9334
-60.9362
-60.9391
-60.942
-60.9449
-60.9478
-60.9507
-60.9535
-60.9564
-60.9593
-60.9621
-60.965
-60.9679
-60.9707
-60.9736
-60.9765
-60.9793
-60.9822
-60.985
-60.9879
-60.9907
-60.9936
-60.9964
-60.9993
-61.0021
-61.0049
-61.0078
-61.0106
-61.0135
-61.0163
-61.0191
-61.0219
-61.0248
-61.0276
-61.0304
-61.0332
-61.036
-61.0389
-61.0417
-61.0445
-61.0473
-61.0501
-61.0529
-61.0557
-61.0585
-61.0613
-61.0641
-61.0669
-61.0697
-61.0725
-61.0753
-61.0781
-61.0808
-61.0836
-61.0864
-61.0892
-61.092
-61.0947
-61.0975
-61.1003
-61.103
-61.1058
-61.1086
-61.1113
-61.1141
-61.1169
-61.1196
-61.1224
-61.1251
-61.1279
-61.1306
-61.1334
-61.1361
-61.1389
-61.1416
-61.1443
-61.1471
-61.1498
-61.1526
-61.1553
-61.158
-61.1607
-61.1635
-61.1662
-61.1689
-61.1716
-61.1743
-61.1771
-61.1798
-61.1825
-61.1852
-61.1879
-61.1906
-61.1933
-61.196
-61.1987
-61.2014
-61.2041
-61.2068
-61.2095
-61.2122
-61.2149
-61.2176
-61.2203
-61.2229
-61.2256
-61.2283
-61.231
-61.2337
-61.2363
-61.239
-61.2417
-61.2443
-61.247
-61.2497
-61.2523
-61.255
-61.2577
-61.2603
-61.263
-61.2656
-61.2683
-61.2709
-61.2736
-61.2762
-61.2789
-61.2815
-61.2841
-61.2868
-61.2894
-61.292
-61.2947
-61.2973
-61.2999
-61.3026
-61.3052
-61.3078
-61.3104
-61.313
-61.3157
-61.3183
-61.3209
-61.3235
-61.3261
-61.3287
-61.3313
-61.3339
-61.3365
-61.3391
-61.3417
-61.3443
-61.3469
-61.3495
-61.3521
-61.3547
-61.3573
-61.3599
-61.3624
-61.365
-61.3676
-61.3702
-61.3728
-61.3753
-61.3779
-61.3805
-61.383
-61.3856
-61.3882
-61.3907
-61.3933
-61.3959
-61.3984
-61.401
-61.4035
-61.4061
-61.4086
-61.4112
-61.4137
-61.4163
-61.4188
-61.4214
-61.4239
-61.4264
-61.429
-61.4315
-61.434
-61.4366
-61.4391
-61.4416
-61.4442
-61.4467
-61.4492
-61.4517
-61.4542
-61.4568
-61.4593
-61.4618
-61.4643
-61.4668
-61.4693
-61.4718
-61.4743
-61.4768
-61.4793
-61.4818
-61.4843
-61.4868
-61.4893
-61.4918
-61.4943
-61.4968
-61.4993
-61.5017
-61.5042
-61.5067
-61.5092
-61.5117
-61.5141
-61.5166
-61.5191
-61.5215
-61.524
-61.5265
-61.5289
-61.5314
-61.5339
-61.5363
-61.5388
-61.5412
-61.5437
-61.5461
-61.5486
-61.551
-61.5535
-61.5559
-61.5584
-61.5608
-61.5633
-61.5657
-61.5681
-61.5706
-61.573
-61.5754
-61.5779
-61.5803
-61.5827
-61.5851
-61.5876
-61.59
-61.5924
-61.5948
-61.5972
-61.5996
-61.6021
-61.6045
-61.6069
-61.6093
-61.6117
-61.6141
-61.6165
-61.6189
-61.6213
-61.6237
-61.6261
-61.6285
-61.6309
-61.6333
-61.6357
-61.638
-61.6404
-61.6428
-61.6452
-61.6476
-61.6499
-61.6523
-61.6547
-61.6571
-61.6594
-61.6618
-61.6642
-61.6665
-61.6689
-61.6713
-61.6736
-61.676
-61.6783
-61.6807
-61.6831
-61.6854
-61.6878
-61.6901
-61.6925
-61.6948
-61.6971
-61.6995
-61.7018
-61.7042
-61.7065
-61.7088
-61.7112
-61.7135
-61.7158
-61.7182
-61.7205
-61.7228
-61.7251
-61.7275
-61.7298
-61.7321
-61.7344
-61.7367
-61.7391
-61.7414
-61.7437
-61.746
-61.7483
-61.7506
-61.7529
-61.7552
-61.7575
-61.7598
-61.7621
-61.7644
-61.7667
-61.769
-61.7713
-61.7736
-61.7759
-61.7781
-61.7804
-61.7827
-61.785
-61.7873
-61.7896
-61.7918
-61.7941
-61.7964
-61.7987
-61.8009
-61.8032
-61.8055
-61.8077
-61.81
-61.8122
-61.8145
-61.8168
-61.819
-61.8213
-61.8235
-61.8258
-61.828
-61.8303
-61.8325
-61.8348
-61.837
-61.8393
-61.8415
-61.8437
-61.846
-61.8482
-61.8505
-61.8527
-61.8549
-61.8571
-61.8594
-61.8616
-61.8638
-61.866
-61.8683
-61.8705
-61.8727
-61.8749
-61.8771
-61.8794
-61.8816
-61.8838
-61.886
-61.8882
-61.8904
-61.8926
-61.8948
-61.897
-61.8992
-61.9014
-61.9036
-61.9058
-61.908
-61.9102
-61.9124
-61.9146
-61.9168
-61.9189
-61.9211
-61.9233
-61.9255
-61.9277
-61.9298
-61.932
-61.9342
-61.9364
-61.9385
-61.9407
-61.9429
-61.945
-61.9472
-61.9494
-61.9515
-61.9537
-61.9559
-61.958
-61.9602
-61.9623
-61.9645
-61.9666
-61.9688
-61.9709
-61.9731
-61.9752
-61.9774
-61.9795
-61.9816
-61.9838
-61.9859
-61.9881
-61.9902
-61.9923
-61.9945
-61.9966
-61.9987
-62.0008
-62.003
-62.0051
-62.0072
-62.0093
-62.0115
-62.0136
-62.0157
-62.0178
-62.0199
-62.022
-62.0241
-62.0262
-62.0284
-62.0305
-62.0326
-62.0347
-62.0368
-62.0389
-62.041
-62.0431
-62.0452
-62.0473
-62.0493
-62.0514
-62.0535
-62.0556
-62.0577
-62.0598
-62.0619
-62.0639
-62.066
-62.0681
-62.0702
-62.0723
-62.0743
-62.0764
-62.0785
-62.0805
-62.0826
-62.0847
-62.0868
-62.0888
-62.0909
-62.0929
-62.095
-62.0971
-62.0991
-62.1012
-62.1032
-62.1053
-62.1073
-62.1094
-62.1114
-62.1135
-62.1155
-62.1176
-62.1196
-62.1216
-62.1237
-62.1257
-62.1278
-62.1298
-62.1318
-62.1339
-62.1359
-62.1379
-62.1399
-62.142
-62.144
-62.146
-62.148
-62.1501
-62.1521
-62.1541
-62.1561
-62.1581
-62.1601
-62.1621
-62.1642
-62.1662
-62.1682
-62.1702
-62.1722
-62.1742
-62.1762
-62.1782
-62.1802
-62.1822
-62.1842
-62.1862
-62.1882
-62.1902
-62.1922
-62.1941
-62.1961
-62.1981
-62.2001
-62.2021
-62.2041
-62.206
-62.208
-62.21
-62.212
-62.2139
-62.2159
-62.2179
-62.2199
-62.2218
-62.2238
-62.2258
-62.2277
-62.2297
-62.2317
-62.2336
-62.2356
-62.2375
-62.2395
-62.2414
-62.2434
-62.2454
-62.2473
-62.2493
-62.2512
-62.2531
-62.2551
-62.257
-62.259
-62.2609
-62.2629
-62.2648
-62.2667
-62.2687
-62.2706
-62.2725
-62.2745
-62.2764
-62.2783
-62.2803
-62.2822
-62.2841
-62.286
-62.288
-62.2899
-62.2918
-62.2937
-62.2956
-62.2975
-62.2995
-62.3014
-62.3033
-62.3052
-62.3071
-62.309
-62.3109
-62.3128
-62.3147
-62.3166
-62.3185
-62.3204
-62.3223
-62.3242
-62.3261
-62.328
-62.3299
-62.3318
-62.3337
-62.3356
-62.3374
-62.3393
-62.3412
-62.3431
-62.345
-62.3468
-62.3487
-62.3506
-62.3525
-62.3544
-62.3562
-62.3581
-62.36
-62.3618
-62.3637
-62.3656
-62.3674
-62.3693
-62.3712
-62.373
-62.3749
-62.3767
-62.3786
-62.3805
-62.3823
-62.3842
-62.386
-62.3879
-62.3897
-62.3916
-62.3934
-62.3953
-62.3971
-62.3989
-62.4008
-62.4026
-62.4045
-62.4063
-62.4081
-62.41
-62.4118
-62.4136
-62.4155
-62.4173
-62.4191
-62.4209
-62.4228
-62.4246
-62.4264
-62.4282
-62.4301
-62.4319
-62.4337
-62.4355
-62.4373
-62.4391
-62.441
-62.4428
-62.4446
-62.4464
-62.4482
-62.45
-62.4518
-62.4536
-62.4554
-62.4572
-62.459
-62.4608
-62.4626
-62.4644
-62.4662
-62.468
-62.4698
-62.4716
-62.4734
-62.4751
-62.4769
-62.4787
-62.4805
-62.4823
-62.4841
-62.4858
-62.4876
-62.4894
-62.4912
-62.493
-62.4947
-62.4965
-62.4983
-62.5
-62.5018
-62.5036
-62.5053
-62.5071
-62.5089
-62.5106
-62.5124
-62.5142
-62.5159
-62.5177
-62.5194
-62.5212
-62.5229
-62.5247
-62.5264
-62.5282
-62.5299
-62.5317
-62.5334
-62.5352
-62.5369
-62.5387
-62.5404
-62.5422
-62.5439
-62.5456
-62.5474
-62.5491
-62.5508
-62.5526
-62.5543
-62.556
-62.5578
-62.5595
-62.5612
-62.5629
-62.5647
-62.5664
-62.5681
-62.5698
-62.5715
-62.5733
-62.575
-62.5767
-62.5784
-62.5801
-62.5818
-62.5835
-62.5853
-62.587
-62.5887
-62.5904
-62.5921
-62.5938
-62.5955
-62.5972
-62.5989
-62.6006
-62.6023
-62.604
-62.6057
-62.6074
-62.6091
-62.6108
-62.6124
-62.6141
-62.6158
-62.6175
-62.6192
-62.6209
-62.6226
-62.6242
-62.6259
-62.6276
-62.6293
-62.631
-62.6326
-62.6343
-62.636
-62.6376
-62.6393
-62.641
-62.6427
-62.6443
-62.646
-62.6477
-62.6493
-62.651
-62.6526
-62.6543
-62.656
-62.6576
-62.6593
-62.6609
-62.6626
-62.6642
-62.6659
-62.6675
-62.6692
-62.6708
-62.6725
-62.6741
-62.6758
-62.6774
-62.6791
-62.6807
-62.6823
-62.684
-62.6856
-62.6873
-62.6889
-62.6905
-62.6922
-62.6938
-62.6954
-62.6971
-62.6987
-62.7003
-62.7019
-62.7036
-62.7052
-62.7068
-62.7084
-62.71
-62.7117
-62.7133
-62.7149
-62.7165
-62.7181
-62.7197
-62.7214
-62.723
-62.7246
-62.7262
-62.7278
-62.7294
-62.731
-62.7326
-62.7342
-62.7358
-62.7374
-62.739
-62.7406
-62.7422
-62.7438
-62.7454
-62.747
-62.7486
-62.7502
-62.7518
-62.7534
-62.755
-62.7565
-62.7581
-62.7597
-62.7613
-62.7629
-62.7645
-62.766
-62.7676
-62.7692
-62.7708
-62.7724
-62.7739
-62.7755
-62.7771
-62.7786
-62.7802
-62.7818
-62.7834
-62.7849
-62.7865
-62.788
-62.7896
-62.7912
-62.7927
-62.7943
-62.7959
-62.7974
-62.799
-62.8005
-62.8021
-62.8036
-62.8052
-62.8067
-62.8083
-62.8098
-62.8114
-62.8129
-62.8145
-62.816
-62.8176
-62.8191
-62.8207
-62.8222
-62.8237
-62.8253
-62.8268
-62.8283
-62.8299
-62.8314
-62.8329
-62.8345
-62.836
-62.8375
-62.8391
-62.8406
-62.8421
-62.8436
-62.8452
-62.8467
-62.8482
-62.8497
-62.8512
-62.8528
-62.8543
-62.8558
-62.8573
-62.8588
-62.8603
-62.8619
-62.8634
-62.8649
-62.8664
-62.8679
-62.8694
-62.8709
-62.8724
-62.8739
-62.8754
-62.8769
-62.8784
-62.8799
-62.8814
-62.8829
-62.8844
-62.8859
-62.8874
-62.8889
-62.8904
-62.8919
-62.8934
-62.8949
-62.8963
-62.8978
-62.8993
-62.9008
-62.9023
-62.9038
-62.9052
-62.9067
-62.9082
-62.9097
-62.9112
-62.9126
-62.9141
-62.9156
-62.9171
-62.9185
-62.92
-62.9215
-62.9229
-62.9244
-62.9259
-62.9273
-62.9288
-62.9303
-62.9317
-62.9332
-62.9346
-62.9361
-62.9376
-62.939
-62.9405
-62.9419
-62.9434
-62.9448
-62.9463
-62.9477
-62.9492
-62.9506
-62.9521
-62.9535
-62.955
-62.9564
-62.9579
-62.9593
-62.9607
-62.9622
-62.9636
-62.9651
-62.9665
-62.9679
-62.9694
-62.9708
-62.9722
-62.9737
-62.9751
-62.9765
-62.978
-62.9794
-62.9808
-62.9822
-62.9837
-62.9851
-62.9865
-62.9879
-62.9894
-62.9908
-62.9922
-62.9936
-62.995
-62.9965
-62.9979
-62.9993
-63.0007
-63.0021
-63.0035
-63.0049
-63.0063
-63.0077
-63.0092
-63.0106
-63.012
-63.0134
-63.0148
-63.0162
-63.0176
-63.019
-63.0204
-63.0218
-63.0232
-63.0246
-63.026
-63.0274
-63.0287
-63.0301
-63.0315
-63.0329
-63.0343
-63.0357
-63.0371
-63.0385
-63.0399
-63.0412
-63.0426
-63.044
-63.0454
-63.0468
-63.0481
-63.0495
-63.0509
-63.0523
-63.0537
-63.055
-63.0564
-63.0578
-63.0591
-63.0605
-63.0619
-63.0633
-63.0646
-63.066
-63.0674
-63.0687
-63.0701
-63.0714
-63.0728
-63.0742
-63.0755
-63.0769
-63.0782
-63.0796
-63.081
-63.0823
-63.0837
-63.085
-63.0864
-63.0877
-63.0891
-63.0904
-63.0918
-63.0931
-63.0945
-63.0958
-63.0972
-63.0985
-63.0998
-63.1012
-63.1025
-63.1039
-63.1052
-63.1065
-63.1079
-63.1092
-63.1105
-63.1119
-63.1132
-63.1145
-63.1159
-63.1172
-63.1185
-63.1199
-63.1212
-63.1225
-63.1238
-63.1252
-63.1265
-63.1278
-63.1291
-63.1304
-63.1318
-63.1331
-63.1344
-63.1357
-63.137
-63.1384
-63.1397
-63.141
-63.1423
-63.1436
-63.1449
-63.1462
-63.1475
-63.1488
-63.1501
-63.1515
-63.1528
-63.1541
-63.1554
-63.1567
-63.158
-63.1593
-63.1606
-63.1619
-63.1632
-63.1645
-63.1658
-63.167
-63.1683
-63.1696
-63.1709
-63.1722
-63.1735
-63.1748
-63.1761
-63.1774
-63.1787
-63.1799
-63.1812
-63.1825
-63.1838
-63.1851
-63.1864
-63.1876
-63.1889
-63.1902
-63.1915
-63.1927
-63.194
-63.1953
-63.1966
-63.1978
-63.1991
-63.2004
-63.2017
-63.2029
-63.2042
-63.2055
-63.2067
-63.208
-63.2093
-63.2105
-63.2118
-63.213
-63.2143
-63.2156
-63.2168
-63.2181
-63.2193
-63.2206
-63.2218
-63.2231
-63.2244
-63.2256
-63.2269
-63.2281
-63.2294
-63.2306
-63.2319
-63.2331
-63.2344
-63.2356
-63.2368
-63.2381
-63.2393
-63.2406
-63.2418
-63.2431
-63.2443
-63.2455
-63.2468
-63.248
-63.2492
-63.2505
-63.2517
-63.2529
-63.2542
-63.2554
-63.2566
-63.2579
-63.2591
-63.2603
-63.2616
-63.2628
-63.264
-63.2652
-63.2665
-63.2677
-63.2689
-63.2701
-63.2713
-63.2726
-63.2738
-63.275
-63.2762
-63.2774
-63.2786
-63.2799
-63.2811
-63.2823
-63.2835
-63.2847
-63.2859
-63.2871
-63.2883
-63.2895
-63.2908
-63.292
-63.2932
-63.2944
-63.2956
-63.2968
-63.298
-63.2992
-63.3004
-63.3016
-63.3028
-63.304
-63.3052
-63.3064
-63.3076
-63.3087
-63.3099
-63.3111
-63.3123
-63.3135
-63.3147
-63.3159
-63.3171
-63.3183
-63.3194
-63.3206
-63.3218
-63.323
-63.3242
-63.3254
-63.3265
-63.3277
-63.3289
-63.3301
-63.3313
-63.3324
-63.3336
-63.3348
-63.336
-63.3371
-63.3383
-63.3395
-63.3407
-63.3418
-63.343
-63.3442
-63.3453
-63.3465
-63.3477
-63.3488
-63.35
-63.3512
-63.3523
-63.3535
-63.3546
-63.3558
-63.357
-63.3581
-63.3593
-63.3604
-63.3616
-63.3627
-63.3639
-63.3651
-63.3662
-63.3674
-63.3685
-63.3697
-63.3708
-63.372
-63.3731
-63.3743
-63.3754
-63.3765
-63.3777
-63.3788
-63.38
-63.3811
-63.3823
-63.3834
-63.3845
-63.3857
-63.3868
-63.388
-63.3891
-63.3902
-63.3914
-63.3925
-63.3936
-63.3948
-63.3959
-63.397
-63.3982
-63.3993
-63.4004
-63.4015
-63.4027
-63.4038
-63.4049
-63.406
-63.4072
-63.4083
-63.4094
-63.4105
-63.4116
-63.4128
-63.4139
-63.415
-63.4161
-63.4172
-63.4184
-63.4195
-63.4206
-63.4217
-63.4228
-63.4239
-63.425
-63.4261
-63.4273
-63.4284
-63.4295
-63.4306
-63.4317
-63.4328
-63.4339
-63.435
-63.4361
-63.4372
-63.4383
-63.4394
-63.4405
-63.4416
-63.4427
-63.4438
-63.4449
-63.446
-63.4471
-63.4482
-63.4493
-63.4504
-63.4515
-63.4525
-63.4536
-63.4547
-63.4558
-63.4569
-63.458
-63.4591
-63.4602
-63.4613
-63.4623
-63.4634
-63.4645
-63.4656
-63.4667
-63.4677
-63.4688
-63.4699
-63.471
-63.4721
-63.4731
-63.4742
-63.4753
-63.4764
-63.4774
-63.4785
-63.4796
-63.4807
-63.4817
-63.4828
-63.4839
-63.4849
-63.486
-63.4871
-63.4881
-63.4892
-63.4903
-63.4913
-63.4924
-63.4934
-63.4945
-63.4956
-63.4966
-63.4977
-63.4987
-63.4998
-63.5009
-63.5019
-63.503
-63.504
-63.5051
-63.5061
-63.5072
-63.5082
-63.5093
-63.5103
-63.5114
-63.5124
-63.5135
-63.5145
-63.5156
-63.5166
-63.5177
-63.5187
-63.5198
-63.5208
-63.5218
-63.5229
-63.5239
-63.525
-63.526
-63.527
-63.5281
-63.5291
-63.5302
-63.5312
-63.5322
-63.5333
-63.5343
-63.5353
-63.5364
-63.5374
-63.5384
-63.5394
-63.5405
-63.5415
-63.5425
-63.5436
-63.5446
-63.5456
-63.5466
-63.5477
-63.5487
-63.5497
-63.5507
-63.5517
-63.5528
-63.5538
-63.5548
-63.5558
-63.5568
-63.5579
-63.5589
-63.5599
-63.5609
-63.5619
-63.5629
-63.5639
-63.5649
-63.566
-63.567
-63.568
-63.569
-63.57
-63.571
-63.572
-63.573
-63.574
-63.575
-63.576
-63.577
-63.578
-63.579
-63.58
-63.581
-63.582
-63.583
-63.584
-63.585
-63.586
-63.587
-63.588
-63.589
-63.59
-63.591
-63.592
-63.593
-63.594
-63.595
-63.5959
-63.5969
-63.5979
-63.5989
-63.5999
-63.6009
-63.6019
-63.6029
-63.6038
-63.6048
-63.6058
-63.6068
-63.6078
-63.6087
-63.6097
-63.6107
-63.6117
-63.6127
-63.6136
-63.6146
-63.6156
-63.6166
-63.6175
-63.6185
-63.6195
-63.6205
-63.6214
-63.6224
-63.6234
-63.6243
-63.6253
-63.6263
-63.6272
-63.6282
-63.6292
-63.6301
-63.6311
-63.6321
-63.633
-63.634
-63.635
-63.6359
-63.6369
-63.6378
-63.6388
-63.6397
-63.6407
-63.6417
-63.6426
-63.6436
-63.6445
-63.6455
-63.6464
-63.6474
-63.6483
-63.6493
-63.6502
-63.6512
-63.6521
-63.6531
-63.654
-63.655
-63.6559
-63.6569
-63.6578
-63.6588
-63.6597
-63.6607
-63.6616
-63.6625
-63.6635
-63.6644
-63.6654
-63.6663
-63.6672
-63.6682
-63.6691
-63.6701
-63.671
-63.6719
-63.6729
-63.6738
-63.6747
-63.6757
-63.6766
-63.6775
-63.6785
-63.6794
-63.6803
-63.6812
-63.6822
-63.6831
-63.684
-63.685
-63.6859
-63.6868
-63.6877
-63.6887
-63.6896
-63.6905
-63.6914
-63.6923
-63.6933
-63.6942
-63.6951
-63.696
-63.6969
-63.6978
-63.6988
-63.6997
-63.7006
-63.7015
-63.7024
-63.7033
-63.7043
-63.7052
-63.7061
-63.707
-63.7079
-63.7088
-63.7097
-63.7106
-63.7115
-63.7124
-63.7133
-63.7142
-63.7151
-63.7161
-63.717
-63.7179
-63.7188
-63.7197
-63.7206
-63.7215
-63.7224
-63.7233
-63.7242
-63.7251
-63.726
-63.7269
-63.7277
-63.7286
-63.7295
-63.7304
-63.7313
-63.7322
-63.7331
-63.734
-63.7349
-63.7358
-63.7367
-63.7376
-63.7384
-63.7393
-63.7402
-63.7411
-63.742
-63.7429
-63.7438
-63.7446
-63.7455
-63.7464
-63.7473
-63.7482
-63.7491
-63.7499
-63.7508
-63.7517
-63.7526
-63.7534
-63.7543
-63.7552
-63.7561
-63.757
-63.7578
-63.7587
-63.7596
-63.7604
-63.7613
-63.7622
-63.7631
-63.7639
-63.7648
-63.7657
-63.7665
-63.7674
-63.7683
-63.7691
-63.77
-63.7709
-63.7717
-63.7726
-63.7735
-63.7743
-63.7752
-63.776
-63.7769
-63.7778
-63.7786
-63.7795
-63.7803
-63.7812
-63.7821
-63.7829
-63.7838
-63.7846
-63.7855
-63.7863
-63.7872
-63.788
-63.7889
-63.7897
-63.7906
-63.7914
-63.7923
-63.7931
-63.794
-63.7948
-63.7957
-63.7965
-63.7974
-63.7982
-63.7991
-63.7999
-63.8008
-63.8016
-63.8024
-63.8033
-63.8041
-63.805
-63.8058
-63.8067
-63.8075
-63.8083
-63.8092
-63.81
-63.8108
-63.8117
-63.8125
-63.8133
-63.8142
-63.815
-63.8159
-63.8167
-63.8175
-63.8183
-63.8192
-63.82
-63.8208
-63.8217
-63.8225
-63.8233
-63.8242
-63.825
-63.8258
-63.8266
-63.8275
-63.8283
-63.8291
-63.8299
-63.8307
-63.8316
-63.8324
-63.8332
-63.834
-63.8349
-63.8357
-63.8365
-63.8373
-63.8381
-63.8389
-63.8398
-63.8406
-63.8414
-63.8422
-63.843
-63.8438
-63.8446
-63.8455
-63.8463
-63.8471
-63.8479
-63.8487
-63.8495
-63.8503
-63.8511
-63.8519
-63.8527
-63.8535
-63.8544
-63.8552
-63.856
-63.8568
-63.8576
-63.8584
-63.8592
-63.86
-63.8608
-63.8616
-63.8624
-63.8632
-63.864
-63.8648
-63.8656
-63.8664
-63.8672
-63.868
-63.8688
-63.8696
-63.8703
-63.8711
-63.8719
-63.8727
-63.8735
-63.8743
-63.8751
-63.8759
-63.8767
-63.8775
-63.8783
-63.8791
-63.8798
-63.8806
-63.8814
-63.8822
-63.883
-63.8838
-63.8846
-63.8853
-63.8861
-63.8869
-63.8877
-63.8885
-63.8892
-63.89
-63.8908
-63.8916
-63.8924
-63.8931
-63.8939
-63.8947
-63.8955
-63.8963
-63.897
-63.8978
-63.8986
-63.8994
-63.9001
-63.9009
-63.9017
-63.9024
-63.9032
-63.904
-63.9048
-63.9055
-63.9063
-63.9071
-63.9078
-63.9086
-63.9094
-63.9101
-63.9109
-63.9117
-63.9124
-63.9132
-63.914
-63.9147
-63.9155
-63.9162
-63.917
-63.9178
-63.9185
-63.9193
-63.92
-63.9208
-63.9216
-63.9223
-63.9231
-63.9238
-63.9246
-63.9253
-63.9261
-63.9269
-63.9276
-63.9284
-63.9291
-63.9299
-63.9306
-63.9314
-63.9321
-63.9329
-63.9336
-63.9344
-63.9351
-63.9359
-63.9366
-63.9374
-63.9381
-63.9389
-63.9396
-63.9403
-63.9411
-63.9418
-63.9426
-63.9433
-63.9441
-63.9448
-63.9455
-63.9463
-63.947
-63.9478
-63.9485
-63.9492
-63.95
-63.9507
-63.9515
-63.9522
-63.9529
-63.9537
-63.9544
-63.9551
-63.9559
-63.9566
-63.9573
-63.9581
-63.9588
-63.9595
-63.9603
-63.961
-63.9617
-63.9624
-63.9632
-63.9639
-63.9646
-63.9654
-63.9661
-63.9668
-63.9675
-63.9683
-63.969
-63.9697
-63.9704
-63.9712
-63.9719
-63.9726
-63.9733
-63.974
-63.9748
-63.9755
-63.9762
-63.9769
-63.9776
-63.9784
-63.9791
-63.9798
-63.9805
-63.9812
-63.9819
-63.9827
-63.9834
-63.9841
-63.9848
-63.9855
-63.9862
-63.9869
-63.9876
-63.9884
-63.9891
-63.9898
-63.9905
-63.9912
-63.9919
-63.9926
-63.9933
-63.994
-63.9947
-63.9954
-63.9961
-63.9968
-63.9975
-63.9983
-63.999
-63.9997
-64.0004
-64.0011
-64.0018
-64.0025
-64.0032
-64.0039
-64.0046
-64.0053
-64.006
-64.0067
-64.0074
-64.0081
-64.0087
-64.0094
-64.0101
-64.0108
-64.0115
-64.0122
-64.0129
-64.0136
-64.0143
-64.015
-64.0157
-64.0164
-64.0171
-64.0178
-64.0184
-64.0191
-64.0198
-64.0205
-64.0212
-64.0219
-64.0226
-64.0233
-64.0239
-64.0246
-64.0253
-64.026
-64.0267
-64.0274
-64.028
-64.0287
-64.0294
-64.0301
-64.0308
-64.0315
-64.0321
-64.0328
-64.0335
-64.0342
-64.0348
-64.0355
-64.0362
-64.0369
-64.0376
-64.0382
-64.0389
-64.0396
-64.0403
-64.0409
-64.0416
-64.0423
-64.0429
-64.0436
-64.0443
-64.045
-64.0456
-64.0463
-64.047
-64.0476
-64.0483
-64.049
-64.0496
-64.0503
-64.051
-64.0516
-64.0523
-64.053
-64.0536
-64.0543
-64.055
-64.0556
-64.0563
-64.057
-64.0576
-64.0583
-64.0589
-64.0596
-64.0603
-64.0609
-64.0616
-64.0622
-64.0629
-64.0635
-64.0642
-64.0649
-64.0655
-64.0662
-64.0668
-64.0675
-64.0681
-64.0688
-64.0694
-64.0701
-64.0708
-64.0714
-64.0721
-64.0727
-64.0734
-64.074
-64.0747
-64.0753
-64.076
-64.0766
-64.0772
-64.0779
-64.0785
-64.0792
-64.0798
-64.0805
-64.0811
-64.0818
-64.0824
-64.0831
-64.0837
-64.0843
-64.085
-64.0856
-64.0863
-64.0869
-64.0876
-64.0882
-64.0888
-64.0895
-64.0901
-64.0907
-64.0914
-64.092
-64.0927
-64.0933
-64.0939
-64.0946
-64.0952
-64.0958
-64.0965
-64.0971
-64.0977
-64.0984
-64.099
-64.0996
-64.1003
-64.1009
-64.1015
-64.1022
-64.1028
-64.1034
-64.104
-64.1047
-64.1053
-64.1059
-64.1066
-64.1072
-64.1078
-64.1084
-64.1091
-64.1097
-64.1103
-64.1109
-64.1116
-64.1122
-64.1128
-64.1134
-64.1141
-64.1147
-64.1153
-64.1159
-64.1165
-64.1172
-64.1178
-64.1184
-64.119
-64.1196
-64.1202
-64.1209
-64.1215
-64.1221
-64.1227
-64.1233
-64.1239
-64.1246
-64.1252
-64.1258
-64.1264
-64.127
-64.1276
-64.1282
-64.1288
-64.1295
-64.1301
-64.1307
-64.1313
-64.1319
-64.1325
-64.1331
-64.1337
-64.1343
-64.1349
-64.1355
-64.1361
-64.1368
-64.1374
-64.138
-64.1386
-64.1392
-64.1398
-64.1404
-64.141
-64.1416
-64.1422
-64.1428
-64.1434
-64.144
-64.1446
-64.1452
-64.1458
-64.1464
-64.147
-64.1476
-64.1482
-64.1488
-64.1494
-64.15
-64.1506
-64.1512
-64.1518
-64.1523
-64.1529
-64.1535
-64.1541
-64.1547
-64.1553
-64.1559
-64.1565
-64.1571
-64.1577
-64.1583
-64.1589
-64.1595
-64.16
-64.1606
-64.1612
-64.1618
-64.1624
-64.163
-64.1636
-64.1642
-64.1647
-64.1653
-64.1659
-64.1665
-64.1671
-64.1677
-64.1682
-64.1688
-64.1694
-64.17
-64.1706
-64.1712
-64.1717
-64.1723
-64.1729
-64.1735
-64.1741
-64.1746
-64.1752
-64.1758
-64.1764
-64.1769
-64.1775
-64.1781
-64.1787
-64.1793
-64.1798
-64.1804
-64.181
-64.1816
-64.1821
-64.1827
-64.1833
-64.1838
-64.1844
-64.185
-64.1856
-64.1861
-64.1867
-64.1873
-64.1878
-64.1884
-64.189
-64.1895
-64.1901
-64.1907
-64.1912
-64.1918
-64.1924
-64.1929
-64.1935
-64.1941
-64.1946
-64.1952
-64.1958
-64.1963
-64.1969
-64.1975
-64.198
-64.1986
-64.1991
-64.1997
-64.2003
-64.2008
-64.2014
-64.2019
-64.2025
-64.2031
-64.2036
-64.2042
-64.2047
-64.2053
-64.2059
-64.2064
-64.207
-64.2075
-64.2081
-64.2086
-64.2092
-64.2097
-64.2103
-64.2108
-64.2114
-64.212
-64.2125
-64.2131
-64.2136
-64.2142
-64.2147
-64.2153
-64.2158
-64.2164
-64.2169
-64.2175
-64.218
-64.2186
-64.2191
-64.2196
-64.2202
-64.2207
-64.2213
-64.2218
-64.2224
-64.2229
-64.2235
-64.224
-64.2246
-64.2251
-64.2256
-64.2262
-64.2267
-64.2273
-64.2278
-64.2283
-64.2289
-64.2294
-64.23
-64.2305
-64.231
-64.2316
-64.2321
-64.2327
-64.2332
-64.2337
-64.2343
-64.2348
-64.2353
-64.2359
-64.2364
-64.237
-64.2375
-64.238
-64.2386
-64.2391
-64.2396
-64.2402
-64.2407
-64.2412
-64.2417
-64.2423
-64.2428
-64.2433
-64.2439
-64.2444
-64.2449
-64.2455
-64.246
-64.2465
-64.247
-64.2476
-64.2481
-64.2486
-64.2491
-64.2497
-64.2502
-64.2507
-64.2512
-64.2518
-64.2523
-64.2528
-64.2533
-64.2539
-64.2544
-64.2549
-64.2554
-64.256
-64.2565
-64.257
-64.2575
-64.258
-64.2586
-64.2591
-64.2596
-64.2601
-64.2606
-64.2611
-64.2617
-64.2622
-64.2627
-64.2632
-64.2637
-64.2642
-64.2648
-64.2653
-64.2658
-64.2663
-64.2668
-64.2673
-64.2678
-64.2684
-64.2689
-64.2694
-64.2699
-64.2704
-64.2709
-64.2714
-64.2719
-64.2724
-64.2729
-64.2735
-64.274
-64.2745
-64.275
-64.2755
-64.276
-64.2765
-64.277
-64.2775
-64.278
-64.2785
-64.279
-64.2795
-64.28
-64.2805
-64.281
-64.2816
-64.2821
-64.2826
-64.2831
-64.2836
-64.2841
-64.2846
-64.2851
-64.2856
-64.2861
-64.2866
-64.2871
-64.2876
-64.2881
-64.2886
-64.2891
-64.2896
-64.29
-64.2905
-64.291
-64.2915
-64.292
-64.2925
-64.293
-64.2935
-64.294
-64.2945
-64.295
-64.2955
-64.296
-64.2965
-64.297
-64.2975
-64.298
-64.2984
-64.2989
-64.2994
-64.2999
-64.3004
-64.3009
-64.3014
-64.3019
-64.3024
-64.3028
-64.3033
-64.3038
-64.3043
-64.3048
-64.3053
-64.3058
-64.3063
-64.3067
-64.3072
-64.3077
-64.3082
-64.3087
-64.3092
-64.3096
-64.3101
-64.3106
-64.3111
-64.3116
-64.3121
-64.3125
-64.313
-64.3135
-64.314
-64.3145
-64.3149
-64.3154
-64.3159
-64.3164
-64.3168
-64.3173
-64.3178
-64.3183
-64.3188
-64.3192
-64.3197
-64.3202
-64.3207
-64.3211
-64.3216
-64.3221
-64.3226
-64.323
-64.3235
-64.324
-64.3245
-64.3249
-64.3254
-64.3259
-64.3263
-64.3268
-64.3273
-64.3278
-64.3282
-64.3287
-64.3292
-64.3296
-64.3301
-64.3306
-64.331
-64.3315
-64.332
-64.3324
-64.3329
-64.3334
-64.3338
-64.3343
-64.3348
-64.3352
-64.3357
-64.3362
-64.3366
-64.3371
-64.3375
-64.338
-64.3385
-64.3389
-64.3394
-64.3399
-64.3403
-64.3408
-64.3412
-64.3417
-64.3422
-64.3426
-64.3431
-64.3435
-64.344
-64.3445
-64.3449
-64.3454
-64.3458
-64.3463
-64.3467
-64.3472
-64.3477
-64.3481
-64.3486
-64.349
-64.3495
-64.3499
-64.3504
-64.3508
-64.3513
-64.3517
-64.3522
-64.3527
-64.3531
-64.3536
-64.354
-64.3545
-64.3549
-64.3554
-64.3558
-64.3563
-64.3567
-64.3572
-64.3576
-64.3581
-64.3585
-64.359
-64.3594
-64.3598
-64.3603
-64.3607
-64.3612
-64.3616
-64.3621
-64.3625
-64.363
-64.3634
-64.3639
-64.3643
-64.3647
-64.3652
-64.3656
-64.3661
-64.3665
-64.367
-64.3674
-64.3678
-64.3683
-64.3687
-64.3692
-64.3696
-64.3701
-64.3705
-64.3709
-64.3714
-64.3718
-64.3722
-64.3727
-64.3731
-64.3736
-64.374
-64.3744
-64.3749
-64.3753
-64.3757
-64.3762
-64.3766
-64.3771
-64.3775
-64.3779
-64.3784
-64.3788
-64.3792
-64.3797
-64.3801
-64.3805
-64.381
-64.3814
-64.3818
-64.3822
-64.3827
-64.3831
-64.3835
-64.384
-64.3844
-64.3848
-64.3853
-64.3857
-64.3861
-64.3865
-64.387
-64.3874
-64.3878
-64.3883
-64.3887
-64.3891
-64.3895
-64.39
-64.3904
-64.3908
-64.3912
-64.3917
-64.3921
-64.3925
-64.3929
-64.3934
-64.3938
-64.3942
-64.3946
-64.3951
-64.3955
-64.3959
-64.3963
-64.3967
-64.3972
-64.3976
-64.398
-64.3984
-64.3988
-64.3993
-64.3997
-64.4001
-64.4005
-64.4009
-64.4014
-64.4018
-64.4022
-64.4026
-64.403
-64.4034
-64.4039
-64.4043
-64.4047
-64.4051
-64.4055
-64.4059
-64.4063
-64.4068
-64.4072
-64.4076
-64.408
-64.4084
-64.4088
-64.4092
-64.4096
-64.4101
-64.4105
-64.4109
-64.4113
-64.4117
-64.4121
-64.4125
-64.4129
-64.4133
-64.4138
-64.4142
-64.4146
-64.415
-64.4154
-64.4158
-64.4162
-64.4166
-64.417
-64.4174
-64.4178
-64.4182
-64.4186
-64.419
-64.4194
-64.4199
-64.4203
-64.4207
-64.4211
-64.4215
-64.4219
-64.4223
-64.4227
-64.4231
-64.4235
-64.4239
-64.4243
-64.4247
-64.4251
-64.4255
-64.4259
-64.4263
-64.4267
-64.4271
-64.4275
-64.4279
-64.4283
-64.4287
-64.4291
-64.4295
-64.4299
-64.4303
-64.4307
-64.4311
-64.4315
-64.4319
-64.4323
-64.4327
-64.4331
-64.4334
-64.4338
-64.4342
-64.4346
-64.435
-64.4354
-64.4358
-64.4362
-64.4366
-64.437
-64.4374
-64.4378
-64.4382
-64.4386
-64.4389
-64.4393
-64.4397
-64.4401
-64.4405
-64.4409
-64.4413
-64.4417
-64.4421
-64.4425
-64.4428
-64.4432
-64.4436
-64.444
-64.4444
-64.4448
-64.4452
-64.4456
-64.4459
-64.4463
-64.4467
-64.4471
-64.4475
-64.4479
-64.4483
-64.4486
-64.449
-64.4494
-64.4498
-64.4502
-64.4506
-64.4509
-64.4513
-64.4517
-64.4521
-64.4525
-64.4528
-64.4532
-64.4536
-64.454
-64.4544
-64.4548
-64.4551
-64.4555
-64.4559
-64.4563
-64.4566
-64.457
-64.4574
-64.4578
-64.4582
-64.4585
-64.4589
-64.4593
-64.4597
-64.46
-64.4604
-64.4608
-64.4612
-64.4615
-64.4619
-64.4623
-64.4627
-64.463
-64.4634
-64.4638
-64.4642
-64.4645
-64.4649
-64.4653
-64.4657
-64.466
-64.4664
-64.4668
-64.4671
-64.4675
-64.4679
-64.4683
-64.4686
-64.469
-64.4694
-64.4697
-64.4701
-64.4705
-64.4708
-64.4712
-64.4716
-64.4719
-64.4723
-64.4727
-64.473
-64.4734
-64.4738
-64.4741
-64.4745
-64.4749
-64.4752
-64.4756
-64.476
-64.4763
-64.4767
-64.4771
-64.4774
-64.4778
-64.4782
-64.4785
-64.4789
-64.4792
-64.4796
-64.48
-64.4803
-64.4807
-64.4811
-64.4814
-64.4818
-64.4821
-64.4825
-64.4829
-64.4832
-64.4836
-64.4839
-64.4843
-64.4847
-64.485
-64.4854
-64.4857
-64.4861
-64.4864
-64.4868
-64.4872
-64.4875
-64.4879
-64.4882
-64.4886
-64.4889
-64.4893
-64.4896
-64.49
-64.4904
-64.4907
-64.4911
-64.4914
-64.4918
-64.4921
-64.4925
-64.4928
-64.4932
-64.4935
-64.4939
-64.4942
-64.4946
-64.4949
-64.4953
-64.4956
-64.496
-64.4963
-64.4967
-64.497
-64.4974
-64.4977
-64.4981
-64.4984
-64.4988
-64.4991
-64.4995
-64.4998
-64.5002
-64.5005
-64.5009
-64.5012
-64.5016
-64.5019
-64.5023
-64.5026
-64.503
-64.5033
-64.5037
-64.504
-64.5043
-64.5047
-64.505
-64.5054
-64.5057
-64.5061
-64.5064
-64.5067
-64.5071
-64.5074
-64.5078
-64.5081
-64.5085
-64.5088
-64.5091
-64.5095
-64.5098
-64.5102
-64.5105
-64.5108
-64.5112
-64.5115
-64.5119
-64.5122
-64.5125
-64.5129
-64.5132
-64.5136
-64.5139
-64.5142
-64.5146
-64.5149
-64.5152
-64.5156
-64.5159
-64.5163
-64.5166
-64.5169
-64.5173
-64.5176
-64.5179
-64.5183
-64.5186
-64.5189
-64.5193
-64.5196
-64.5199
-64.5203
-64.5206
-64.5209
-64.5213
-64.5216
-64.5219
-64.5223
-64.5226
-64.5229
-64.5233
-64.5236
-64.5239
-64.5243
-64.5246
-64.5249
-64.5253
-64.5256
-64.5259
-64.5262
-64.5266
-64.5269
-64.5272
-64.5276
-64.5279
-64.5282
-64.5285
-64.5289
-64.5292
-64.5295
-64.5298
-64.5302
-64.5305
-64.5308
-64.5312
-64.5315
-64.5318
-64.5321
-64.5325
-64.5328
-64.5331
-64.5334
-64.5338
-64.5341
-64.5344
-64.5347
-64.535
-64.5354
-64.5357
-64.536
-64.5363
-64.5367
-64.537
-64.5373
-64.5376
-64.5379
-64.5383
-64.5386
-64.5389
-64.5392
-64.5395
-64.5399
-64.5402
-64.5405
-64.5408
-64.5411
-64.5415
-64.5418
-64.5421
-64.5424
-64.5427
-64.543
-64.5434
-64.5437
-64.544
-64.5443
-64.5446
-64.5449
-64.5453
-64.5456
-64.5459
-64.5462
-64.5465
-64.5468
-64.5472
-64.5475
-64.5478
-64.5481
-64.5484
-64.5487
-64.549
-64.5494
-64.5497
-64.55
-64.5503
-64.5506
-64.5509
-64.5512
-64.5515
-64.5518
-64.5522
-64.5525
-64.5528
-64.5531
-64.5534
-64.5537
-64.554
-64.5543
-64.5546
-64.5549
-64.5553
-64.5556
-64.5559
-64.5562
-64.5565
-64.5568
-64.5571
-64.5574
-64.5577
-64.558
-64.5583
-64.5586
-64.5589
-64.5593
-64.5596
-64.5599
-64.5602
-64.5605
-64.5608
-64.5611
-64.5614
-64.5617
-64.562
-64.5623
-64.5626
-64.5629
-64.5632
-64.5635
-64.5638
-64.5641
-64.5644
-64.5647
-64.565
-64.5653
-64.5656
-64.5659
-64.5662
-64.5665
-64.5668
-64.5671
-64.5674
-64.5677
-64.568
-64.5683
-64.5686
-64.5689
-64.5692
-64.5695
-64.5698
-64.5701
-64.5704
-64.5707
-64.571
-64.5713
-64.5716
-64.5719
-64.5722
-64.5725
-64.5728
-64.5731
-64.5734
-64.5737
-64.574
-64.5743
-64.5746
-64.5749
-64.5752
-64.5755
-64.5757
-64.576
-64.5763
-64.5766
-64.5769
-64.5772
-64.5775
-64.5778
-64.5781
-64.5784
-64.5787
-64.579
-64.5793
-64.5796
-64.5798
-64.5801
-64.5804
-64.5807
-64.581
-64.5813
-64.5816
-64.5819
-64.5822
-64.5825
-64.5827
-64.583
-64.5833
-64.5836
-64.5839
-64.5842
-64.5845
-64.5848
-64.5851
-64.5853
-64.5856
-64.5859
-64.5862
-64.5865
-64.5868
-64.5871
-64.5874
-64.5876
-64.5879
-64.5882
-64.5885
-64.5888
-64.5891
-64.5893
-64.5896
-64.5899
-64.5902
-64.5905
-64.5908
-64.591
-64.5913
-64.5916
-64.5919
-64.5922
-64.5925
-64.5927
-64.593
-64.5933
-64.5936
-64.5939
-64.5942
-64.5944
-64.5947
-64.595
-64.5953
-64.5956
-64.5958
-64.5961
-64.5964
-64.5967
-64.597
-64.5972
-64.5975
-64.5978
-64.5981
-64.5983
-64.5986
-64.5989
-64.5992
-64.5995
-64.5997
-64.6
-64.6003
-64.6006
-64.6008
-64.6011
-64.6014
-64.6017
-64.6019
-64.6022
-64.6025
-64.6028
-64.603
-64.6033
-64.6036
-64.6039
-64.6041
-64.6044
-64.6047
-64.605
-64.6052
-64.6055
-64.6058
-64.6061
-64.6063
-64.6066
-64.6069
-64.6071
-64.6074
-64.6077
-64.608
-64.6082
-64.6085
-64.6088
-64.609
-64.6093
-64.6096
-64.6099
-64.6101
-64.6104
-64.6107
-64.6109
-64.6112
-64.6115
-64.6117
-64.612
-64.6123
-64.6125
-64.6128
-64.6131
-64.6133
-64.6136
-64.6139
-64.6141
-64.6144
-64.6147
-64.6149
-64.6152
-64.6155
-64.6157
-64.616
-64.6163
-64.6165
-64.6168
-64.6171
-64.6173
-64.6176
-64.6179
-64.6181
-64.6184
-64.6187
-64.6189
-64.6192
-64.6194
-64.6197
-64.62
-64.6202
-64.6205
-64.6208
-64.621
-64.6213
-64.6215
-64.6218
-64.6221
-64.6223
-64.6226
-64.6228
-64.6231
-64.6234
-64.6236
-64.6239
-64.6241
-64.6244
-64.6247
-64.6249
-64.6252
-64.6254
-64.6257
-64.626
-64.6262
-64.6265
-64.6267
-64.627
-64.6273
-64.6275
-64.6278
-64.628
-64.6283
-64.6285
-64.6288
-64.629
-64.6293
-64.6296
-64.6298
-64.6301
-64.6303
-64.6306
-64.6308
-64.6311
-64.6313
-64.6316
-64.6319
-64.6321
-64.6324
-64.6326
-64.6329
-64.6331
-64.6334
-64.6336
-64.6339
-64.6341
-64.6344
-64.6346
-64.6349
-64.6351
-64.6354
-64.6356
-64.6359
-64.6361
-64.6364
-64.6367
-64.6369
-64.6372
-64.6374
-64.6377
-64.6379
-64.6382
-64.6384
-64.6387
-64.6389
-64.6391
-64.6394
-64.6396
-64.6399
-64.6401
-64.6404
-64.6406
-64.6409
-64.6411
-64.6414
-64.6416
-64.6419
-64.6421
-64.6424
-64.6426
-64.6429
-64.6431
-64.6434
-64.6436
-64.6438
-64.6441
-64.6443
-64.6446
-64.6448
-64.6451
-64.6453
-64.6456
-64.6458
-64.6461
-64.6463
-64.6465
-64.6468
-64.647
-64.6473
-64.6475
-64.6478
-64.648
-64.6482
-64.6485
-64.6487
-64.649
-64.6492
-64.6495
-64.6497
-64.6499
-64.6502
-64.6504
-64.6507
-64.6509
-64.6511
-64.6514
-64.6516
-64.6519
-64.6521
-64.6523
-64.6526
-64.6528
-64.6531
-64.6533
-64.6535
-64.6538
-64.654
-64.6542
-64.6545
-64.6547
-64.655
-64.6552
-64.6554
-64.6557
-64.6559
-64.6561
-64.6564
-64.6566
-64.6569
-64.6571
-64.6573
-64.6576
-64.6578
-64.658
-64.6583
-64.6585
-64.6587
-64.659
-64.6592
-64.6594
-64.6597
-64.6599
-64.6602
-64.6604
-64.6606
-64.6609
-64.6611
-64.6613
-64.6616
-64.6618
-64.662
-64.6622
-64.6625
-64.6627
-64.6629
-64.6632
-64.6634
-64.6636
-64.6639
-64.6641
-64.6643
-64.6646
-64.6648
-64.665
-64.6653
-64.6655
-64.6657
-64.6659
-64.6662
-64.6664
-64.6666
-64.6669
-64.6671
-64.6673
-64.6676
-64.6678
-64.668
-64.6682
-64.6685
-64.6687
-64.6689
-64.6692
-64.6694
-64.6696
-64.6698
-64.6701
-64.6703
-64.6705
-64.6707
-64.671
-64.6712
-64.6714
-64.6716
-64.6719
-64.6721
-64.6723
-64.6725
-64.6728
-64.673
-64.6732
-64.6734
-64.6737
-64.6739
-64.6741
-64.6743
-64.6746
-64.6748
-64.675
-64.6752
-64.6755
-64.6757
-64.6759
-64.6761
-64.6764
-64.6766
-64.6768
-64.677
-64.6772
-64.6775
-64.6777
-64.6779
-64.6781
-64.6783
-64.6786
-64.6788
-64.679
-64.6792
-64.6794
-64.6797
-64.6799
-64.6801
-64.6803
-64.6805
-64.6808
-64.681
-64.6812
-64.6814
-64.6816
-64.6819
-64.6821
-64.6823
-64.6825
-64.6827
-64.683
-64.6832
-64.6834
-64.6836
-64.6838
-64.684
-64.6843
-64.6845
-64.6847
-64.6849
-64.6851
-64.6853
-64.6856
-64.6858
-64.686
-64.6862
-64.6864
-64.6866
-64.6868
-64.6871
-64.6873
-64.6875
-64.6877
-64.6879
-64.6881
-64.6883
-64.6886
-64.6888
-64.689
-64.6892
-64.6894
-64.6896
-64.6898
-64.6901
-64.6903
-64.6905
-64.6907
-64.6909
-64.6911
-64.6913
-64.6915
-64.6918
-64.692
-64.6922
-64.6924
-64.6926
-64.6928
-64.693
-64.6932
-64.6934
-64.6937
-64.6939
-64.6941
-64.6943
-64.6945
-64.6947
-64.6949
-64.6951
-64.6953
-64.6955
-64.6957
-64.696
-64.6962
-64.6964
-64.6966
-64.6968
-64.697
-64.6972
-64.6974
-64.6976
-64.6978
-64.698
-64.6982
-64.6984
-64.6987
-64.6989
-64.6991
-64.6993
-64.6995
-64.6997
-64.6999
-64.7001
-64.7003
-64.7005
-64.7007
-64.7009
-64.7011
-64.7013
-64.7015
-64.7017
-64.7019
-64.7021
-64.7023
-64.7026
-64.7028
-64.703
-64.7032
-64.7034
-64.7036
-64.7038
-64.704
-64.7042
-64.7044
-64.7046
-64.7048
-64.705
-64.7052
-64.7054
-64.7056
-64.7058
-64.706
-64.7062
-64.7064
-64.7066
-64.7068
-64.707
-64.7072
-64.7074
-64.7076
-64.7078
-64.708
-64.7082
-64.7084
-64.7086
-64.7088
-64.709
-64.7092
-64.7094
-64.7096
-64.7098
-64.71
-64.7102
-64.7104
-64.7106
-64.7108
-64.711
-64.7112
-64.7114
-64.7116
-64.7118
-64.712
-64.7122
-64.7124
-64.7126
-64.7128
-64.713
-64.7132
-64.7134
-64.7135
-64.7137
-64.7139
-64.7141
-64.7143
-64.7145
-64.7147
-64.7149
-64.7151
-64.7153
-64.7155
-64.7157
-64.7159
-64.7161
-64.7163
-64.7165
-64.7167
-64.7169
-64.7171
-64.7172
-64.7174
-64.7176
-64.7178
-64.718
-64.7182
-64.7184
-64.7186
-64.7188
-64.719
-64.7192
-64.7194
-64.7196
-64.7198
-64.7199
-64.7201
-64.7203
-64.7205
-64.7207
-64.7209
-64.7211
-64.7213
-64.7215
-64.7217
-64.7219
-64.722
-64.7222
-64.7224
-64.7226
-64.7228
-64.723
-64.7232
-64.7234
-64.7236
-64.7237
-64.7239
-64.7241
-64.7243
-64.7245
-64.7247
-64.7249
-64.7251
-64.7253
-64.7254
-64.7256
-64.7258
-64.726
-64.7262
-64.7264
-64.7266
-64.7268
-64.7269
-64.7271
-64.7273
-64.7275
-64.7277
-64.7279
-64.7281
-64.7282
-64.7284
-64.7286
-64.7288
-64.729
-64.7292
-64.7294
-64.7295
-64.7297
-64.7299
-64.7301
-64.7303
-64.7305
-64.7306
-64.7308
-64.731
-64.7312
-64.7314
-64.7316
-64.7317
-64.7319
-64.7321

