-65
-65
-65
-65
-65
-65
-65
-65
-65
-65
-65
-65
-65
-65
-65
-65
-65
-65
-65
-65
-65
-65
-65
-65
-65
-65
-65
-65
-65
-65
-65
-65
-65
-65
-65
-65
-65
-65
-65
-65
-65
-65
-65
-65
-65
-65
-65
-65
-65
-65
-65
-65
-65
-65
-65
-65
-65
-65
-65
-65
-65
-65
-65
-65
-65
-65
-65
-65
-65
-65
-65
-65
-65
-65
-65
-65
-65
-65
-65
-65
-65
-65
-65
-65
-65
-65
-65
-65
-65
-65
-65
-65
-65
-65
-65
-65
-65
-65
-65
-65
-65
-65
-65
-65
-65
-65
-65
-65
-65
-65
-65
-65
-65
-65
-65
-65
-65
-65
-65
-65
-65
-65
-65
-65
-65
-65
-65
-65
-65
-65
-65
-65
-65
-65
-65
-65
-65
-65
-65
-65
-65
-65
-65
-65
-65
-65
-65
-65
-65
-65
-65
-65
-65
-65
-65
-65
-65
-65
-65
-65
-65
-65
-65
-65
-65
-65
-65
-65
-65
-65
-65
-65
-65
-65
-65
-65
-65
-65
-65
-65
-65
-65
-65
-65
-65
-65
-65
-65
-65
-65
-65
-65
-65
-65
-65
-65
-65
-65
-65
-65
-65
-65
-65
-65
-65
-65
-65
-65
-65
-65
-65
-65
-65
-65
-65
-65
-65
-65
-64.9999
-64.9999
-64.9999
-64.9999
-64.9999
-64.9999
-64.9999
-64.9999
-64.9999
-64.9999
-64.9999
-64.9999
-64.9999
-64.9999
-64.9999
-64.9999
-64.9999
-64.9999
-64.9999
-64.9999
-64.9999
-64.9999
-64.9999
-64.9998
-64.9998
-64.9998
-64.9998
-64.9998
-64.9998
-64.9998
-64.9998
-64.9998
-64.9998
-64.9998
-64.9998
-64.9998
-64.9998
-64.9998
-64.9997
-64.9997
-64.9997
-64.9997
-64.9997
-64.9997
-64.9997
-64.9997
-64.9997
-64.9997
-64.9997
-64.9997
-64.9996
-64.9996
-64.9996
-64.9996
-64.9996
-64.9996
-64.9996
-64.9996
-64.9996
-64.9996
-64.9995
-64.9995
-64.9995
-64.9995
-64.9995
-64.9995
-64.9995
-64.9995
-64.9995
-64.9995
-64.9994
-64.9994
-64.9994
-64.9994
-64.9994
-64.9994
-64.9994
-64.9994
-64.9994
-64.9993
-64.9993
-64.9993
-64.9993
-64.9993
-64.9993
-64.9993
-64.9993
-64.9992
-64.9992
-64.9992
-64.9992
-64.9992
-64.9992
-64.9992
-64.9992
-64.9991
-64.9991
-64.9991
-64.9991
-64.9991
-64.9991
-64.9991
-64.9991
-64.999
-64.999
-64.999
-64.999
-64.999
-64.999
-64.999
-64.999
-64.9989
-64.9989
-64.9989
-64.9989
-64.9989
-64.9989
-64.9989
-64.9988
-64.9988
-64.9988
-64.9988
-64.9988
-64.9988
-64.9988
-64.9987
-64.9987
-64.9987
-64.9987
-64.9987
-64.9987
-64.9987
-64.9986
-64.9986
-64.9986
-64.9986
-64.9986
-64.9986
-64.9986
-64.9985
-64.9985
-64.9985
-64.9985
-64.9985
-64.9985
-64.9985
-64.9984
-64.9984
-64.9984
-64.9984
-64.9984
-64.9984
-64.9984
-64.9983
-64.9983
-64.9983
-64.9983
-64.9983
-64.9983
-64.9982
-64.9982
-64.9982
-64.9982
-64.9982
-64.9982
-64.9982
-64.9981
-64.9981
-64.9981
-64.9981
-64.9981
-64.9981
-64.998
-64.998
-64.998
-64.998
-64.998
-64.998
-64.998
-64.9979
-64.9979
-64.9979
-64.9979
-64.9979
-64.9979
-64.9978
-64.9978
-64.9978
-64.9978
-64.9978
-64.9978
-64.9977
-64.9977
-64.9977
-64.9977
-64.9977
-64.9977
-64.9977
-64.9976
-64.9976
-64.9976
-64.9976
-64.9976
-64.9976
-64.9975
-64.9975
-64.9975
-64.9975
-64.9975
-64.9975
-64.9975
-64.9974
-64.9974
-64.9974
-64.9974
-64.9974
-64.9974
-64.9973
-64.9973
-64.9973
-64.9973
-64.9973
-64.9973
-64.9972
-64.9972
-64.9972
-64.9972
-64.9972
-64.9972
-64.9972
-64.9971
-64.9971
-64.9971
-64.9971
-64.9971
-64.9971
-64.997
-64.997
-64.997
-64.997
-64.997
-64.997
-64.9969
-64.9969
-64.9969
-64.9969
-64.9969
-64.9969
-64.9969
-64.9968
-64.9968
-64.9968
-64.9968
-64.9968
-64.9968
-64.9967
-64.9967
-64.9967
-64.9967
-64.9967
-64.9967
-64.9966
-64.9966
-64.9966
-64.9966
-64.9966
-64.9966
-64.9966
-64.9965
-64.9965
-64.9965
-64.9965
-64.9965
-64.9965
-64.9964
-64.9964
-64.9964
-64.9964
-64.9964
-64.9964
-64.9964
-64.9963
-64.9963
-64.9963
-64.9963
-64.9963
-64.9963
-64.9962
-64.9962
-64.9962
-64.9962
-64.9962
-64.9962
-64.9962
-64.9961
-64.9961
-64.9961
-64.9961
-64.9961
-64.9961
-64.996
-64.996
-64.996
-64.996
-64.996
-64.996
-64.996
-64.9959
-64.9959
-64.9959
-64.9959
-64.9959
-64.9959
-64.9958
-64.9958
-64.9958
-64.9958
-64.9958
-64.9958
-64.9958
-64.9957
-64.9957
-64.9957
-64.9957
-64.9957
-64.9957
-64.9957
-64.9956
-64.9956
-64.9956
-64.9956
-64.9956
-64.9956
-64.9955
-64.9955
-64.9955
-64.9955
-64.9955
-64.9955
-64.9955
-64.9954
-64.9954
-64.9954
-64.9954
-64.9954
-64.9954
-64.9954
-64.9953
-64.9953
-64.9953
-64.9953
-64.9953
-64.9953
-64.9953
-64.9952
-64.9952
-64.9952
-64.9952
-64.9952
-64.9952
-64.9952
-64.9951
-64.9951
-64.9951
-64.9951
-64.9951
-64.9951
-64.9951
-64.995
-64.995
-64.995
-64.995
-64.995
-64.995
-64.995
-64.9949
-64.9949
-64.9949
-64.9949
-64.9949
-64.9949
-64.9949
-64.9948
-64.9948
-64.9948
-64.9948
-64.9948
-64.9948
-64.9948
-64.9947
-64.9947
-64.9947
-64.9947
-64.9947
-64.9947
-64.9947
-64.9946
-64.9946
-64.9946
-64.9946
-64.9946
-64.9946
-64.9946
-64.9945
-64.9945
-64.9945
-64.9945
-64.9945
-64.9945
-64.9945
-64.9944
-64.9944
-64.9944
-64.9944
-64.9944
-64.9944
-64.9944
-64.9944
-64.9943
-64.9943
-64.9943
-64.9943
-64.9943
-64.9943
-64.9943
-64.9942
-64.9942
-64.9942
-64.9942
-64.9942
-64.9942
-64.9942
-64.9941
-64.9941
-64.9941
-64.9941
-64.9941
-64.9941
-64.9941
-64.9941
-64.994
-64.994
-64.994
-64.994
-64.994
-64.994
-64.994
-64.9939
-64.9939
-64.9939
-64.9939
-64.9939
-64.9939
-64.9939
-64.9939
-64.9938
-64.9938
-64.9938
-64.9938
-64.9938
-64.9938
-64.9938
-64.9938
-64.9937
-64.9937
-64.9937
-64.9937
-64.9937
-64.9937
-64.9937
-64.9936
-64.9936
-64.9936
-64.9936
-64.9936
-64.9936
-64.9936
-64.9936
-64.9935
-64.9935
-64.9935
-64.9935
-64.9935
-64.9935
-64.9935
-64.9935
-64.9934
-64.9934
-64.9934
-64.9934
-64.9934
-64.9934
-64.9934
-64.9934
-64.9933
-64.9933
-64.9933
-64.9933
-64.9933
-64.9933
-64.9933
-64.9933
-64.9932
-64.9932
-64.9932
-64.9932
-64.9932
-64.9932
-64.9932
-64.9932
-64.9931
-64.9931
-64.9931
-64.9931
-64.9931
-64.9931
-64.9931
-64.9931
-64.9931
-64.993
-64.993
-64.993
-64.993
-64.993
-64.993
-64.993
-64.993
-64.9929
-64.9929
-64.9929
-64.9929
-64.9929
-64.9929
-64.9929
-64.9929
-64.9928
-64.9928
-64.9928
-64.9928
-64.9928
-64.9928
-64.9928
-64.9928
-64.9928
-64.9927
-64.9927
-64.9927
-64.9927
-64.9927
-64.9927
-64.9927
-64.9927
-64.9927
-64.9926
-64.9926
-64.9926
-64.9926
-64.9926
-64.9926
-64.9926
-64.9926
-64.9925
-64.9925
-64.9925
-64.9925
-64.9925
-64.9925
-64.9925
-64.9925
-64.9925
-64.9924
-64.9924
-64.9924
-64.9924
-64.9924
-64.9924
-64.9924
-64.9924
-64.9924
-64.9923
-64.9923
-64.9923
-64.9923
-64.9923
-64.9923
-64.9923
-64.9923
-64.9923
-64.9922
-64.9922
-64.9922
-64.9922
-64.9922
-64.9922
-64.9922
-64.9922
-64.9922
-64.9921
-64.9921
-64.9921
-64.9921
-64.9921
-64.9921
-64.9921
-64.9921
-64.9921
-64.992
-64.992
-64.992
-64.992
-64.992
-64.992
-64.992
-64.992
-64.992
-64.992
-64.9919
-64.9919
-64.9919
-64.9919
-64.9919
-64.9919
-64.9919
-64.9919
-64.9919
-64.9918
-64.9918
-64.9918
-64.9918
-64.9918
-64.9918
-64.9918
-64.9918
-64.9918
-64.9918
-64.9917
-64.9917
-64.9917
-64.9917
-64.9917
-64.9917
-64.9917
-64.9917
-64.9917
-64.9916
-64.9916
-64.9916
-64.9916
-64.9916
-64.9916
-64.9916
-64.9916
-64.9916
-64.9916
-64.9915
-64.9915
-64.9915
-64.9915
-64.9915
-64.9915
-64.9915
-64.9915
-64.9915
-64.9915
-64.9914
-64.9914
-64.9914
-64.9914
-64.9914
-64.9914
-64.9914
-64.9914
-64.9914
-64.9914
-64.9913
-64.9913
-64.9913
-64.9913
-64.9913
-64.9913
-64.9913
-64.9913
-64.9913
-64.9913
-64.9912
-64.9912
-64.9912
-64.9912
-64.9912
-64.9912
-64.9912
-64.9912
-64.9912
-64.9912
-64.9911
-64.9911
-64.9911
-64.9911
-64.9911
-64.9911
-64.9911
-64.9911
-64.9911
-64.9911
-64.9911
-64.991
-64.991
-64.991
-64.991
-64.991
-64.991
-64.991
-64.991
-64.991
-64.991
-64.9909
-64.9909
-64.9909
-64.9909
-64.9909
-64.9909
-64.9909
-64.9909
-64.9909
-64.9909
-64.9909
-64.9908
-64.9908
-64.9908
-64.9908
-64.9908
-64.9908
-64.9908
-64.9908
-64.9908
-64.9908
-64.9908
-64.9907
-64.9907
-64.9907
-64.9907
-64.9907
-64.9907
-64.9907
-64.9907
-64.9907
-64.9907
-64.9907
-64.9906
-64.9906
-64.9906
-64.9906
-64.9906
-64.9906
-64.9906
-64.9906
-64.9906
-64.9906
-64.9906
-64.9905
-64.9905
-64.9905
-64.9905
-64.9905
-64.9905
-64.9905
-64.9905
-64.9905
-64.9905
-64.9905
-64.9905
-64.9904
-64.9904
-64.9904
-64.9904
-64.9904
-64.9904
-64.9904
-64.9904
-64.9904
-64.9904
-64.9904
-64.9903
-64.9903
-64.9903
-64.9903
-64.9903
-64.9903
-64.9903
-64.9903
-64.9903
-64.9903
-64.9903
-64.9903
-64.9902
-64.9902
-64.9902
-64.9902
-64.9902
-64.9902
-64.9902
-64.9902
-64.9902
-64.9902
-64.9902
-64.9902
-64.9901
-64.9901
-64.9901
-64.9901
-64.9901
-64.9901
-64.9901
-64.9901
-64.9901
-64.9901
-64.9901
-64.9901
-64.99
-64.99
-64.99
-64.99
-64.99
-64.99
-64.99
-64.99
-64.99
-64.99
-64.99
-64.99
-64.9899
-64.9899
-64.9899
-64.9899
-64.9899
-64.9899
-64.9899
-64.9899
-64.9899
-64.9899
-64.9899
-64.9899
-64.9899
-64.9898
-64.9898
-64.9898
-64.9898
-64.9898
-64.9898
-64.9898
-64.9898
-64.9898
-64.9898
-64.9898
-64.9898
-64.9898
-64.9897
-64.9897
-64.9897
-64.9897
-64.9897
-64.9897
-64.9897
-64.9897
-64.9897
-64.9897
-64.9897
-64.9897
-64.9896
-64.9896
-64.9896
-64.9896
-64.9896
-64.9896
-64.9896
-64.9896
-64.9896
-64.9896
-64.9896
-64.9896
-64.9896
-64.9896
-64.9895
-64.9895
-64.9895
-64.9895
-64.9895
-64.9895
-64.9895
-64.9895
-64.9895
-64.9895
-64.9895
-64.9895
-64.9895
-64.9894
-64.9894
-64.9894
-64.9894
-64.9894
-64.9894
-64.9894
-64.9894
-64.9894
-64.9894
-64.9894
-64.9894
-64.9894
-64.9894
-64.9893
-64.9893
-64.9893
-64.9893
-64.9893
-64.9893
-64.9893
-64.9893
-64.9893
-64.9893
-64.9893
-64.9893
-64.9893
-64.9892
-64.9892
-64.9892
-64.9892
-64.9892
-64.9892
-64.9892
-64.9892
-64.9892
-64.9892
-64.9892
-64.9892
-64.9892
-64.9892
-64.9892
-64.9891
-64.9891
-64.9891
-64.9891
-64.9891
-64.9891
-64.9891
-64.9891
-64.9891
-64.9891
-64.9891
-64.9891
-64.9891
-64.9891
-64.989
-64.989
-64.989
-64.989
-64.989
-64.989
-64.989
-64.989
-64.989
-64.989
-64.989
-64.989
-64.989
-64.989
-64.989
-64.9889
-64.9889
-64.9889
-64.9889
-64.9889
-64.9889
-64.9889
-64.9889
-64.9889
-64.9889
-64.9889
-64.9889
-64.9889
-64.9889
-64.9889
-64.9888
-64.9888
-64.9888
-64.9888
-64.9888
-64.9888
-64.9888
-64.9888
-64.9888
-64.9888
-64.9888
-64.9888
-64.9888
-64.9888
-64.9888
-64.9887
-64.9887
-64.9887
-64.9887
-64.9887
-64.9887
-64.9887
-64.9887
-64.9887
-64.9887
-64.9887
-64.9887
-64.9887
-64.9887
-64.9887
-64.9887
-64.9886
-64.9886
-64.9886
-64.9886
-64.9886
-64.9886
-64.9886
-64.9886
-64.9886
-64.9886
-64.9886
-64.9886
-64.9886
-64.9886
-64.9886
-64.9885
-64.9885
-64.9885
-64.9885
-64.9885
-64.9885
-64.9885
-64.9885
-64.9885
-64.9885
-64.9885
-64.9885
-64.9885
-64.9885
-64.9885
-64.9885
-64.9885
-64.9884
-64.9884
-64.9884
-64.9884
-64.9884
-64.9884
-64.9884
-64.9884
-64.9884
-64.9884
-64.9884
-64.9884
-64.9884
-64.9884
-64.9884
-64.9884
-64.9883
-64.9883
-64.9883
-64.9883
-64.9883
-64.9883
-64.9883
-64.9883
-64.9883
-64.9883
-64.9883
-64.9883
-64.9883
-64.9883
-64.9883
-64.9883
-64.9883
-64.9882
-64.9882
-64.9882
-64.9882
-64.9882
-64.9882
-64.9882
-64.9882
-64.9882
-64.9882
-64.9882
-64.9882
-64.9882
-64.9882
-64.9882
-64.9882
-64.9882
-64.9882
-64.9881
-64.9881
-64.9881
-64.9881
-64.9881
-64.9881
-64.9881
-64.9881
-64.9881
-64.9881
-64.9881
-64.9881
-64.9881
-64.9881
-64.9881
-64.9881
-64.9881
-64.9881
-64.988
-64.988
-64.988
-64.988
-64.988
-64.988
-64.988
-64.988
-64.988
-64.988
-64.988
-64.988
-64.988
-64.988
-64.988
-64.988
-64.988
-64.988
-64.9879
-64.9879
-64.9879
-64.9879
-64.9879
-64.9879
-64.9879
-64.9879
-64.9879
-64.9879
-64.9879
-64.9879
-64.9879
-64.9879
-64.9879
-64.9879
-64.9879
-64.9879
-64.9878
-64.9878
-64.9878
-64.9878
-64.9878
-64.9878
-64.9878
-64.9878
-64.9878
-64.9878
-64.9878
-64.9878
-64.9878
-64.9878
-64.9878
-64.9878
-64.9878
-64.9878
-64.9878
-64.9877
-64.9877
-64.9877
-64.9877
-64.9877
-64.9877
-64.9877
-64.9877
-64.9877
-64.9877
-64.9877
-64.9877
-64.9877
-64.9877
-64.9877
-64.9877
-64.9877
-64.9877
-64.9877
-64.9877
-64.9876
-64.9876
-64.9876
-64.9876
-64.9876
-64.9876
-64.9876
-64.9876
-64.9876
-64.9876
-64.9876
-64.9876
-64.9876
-64.9876
-64.9876
-64.9876
-64.9876
-64.9876
-64.9876
-64.9876
-64.9875
-64.9875
-64.9875
-64.9875
-64.9875
-64.9875
-64.9875
-64.9875
-64.9875
-64.9875
-64.9875
-64.9875
-64.9875
-64.9875
-64.9875
-64.9875
-64.9875
-64.9875
-64.9875
-64.9875
-64.9874
-64.9874
-64.9874
-64.9874
-64.9874
-64.9874
-64.9874
-64.9874
-64.9874
-64.9874
-64.9874
-64.9874
-64.9874
-64.9874
-64.9874
-64.9874
-64.9874
-64.9874
-64.9874
-64.9874
-64.9874
-64.9873
-64.9873
-64.9873
-64.9873
-64.9873
-64.9873
-64.9873
-64.9873
-64.9873
-64.9873
-64.9873
-64.9873
-64.9873
-64.9873
-64.9873
-64.9873
-64.9873
-64.9873
-64.9873
-64.9873
-64.9873
-64.9872
-64.9872
-64.9872
-64.9872
-64.9872
-64.9872
-64.9872
-64.9872
-64.9872
-64.9872
-64.9872
-64.9872
-64.9872
-64.9872
-64.9872
-64.9872
-64.9872
-64.9872
-64.9872
-64.9872
-64.9872
-64.9871
-64.9871
-64.9871
-64.9871
-64.9871
-64.9871
-64.9871
-64.9871
-64.9871
-64.9871
-64.9871
-64.9871
-64.9871
-64.9871
-64.9871
-64.9871
-64.9871
-64.9871
-64.9871
-64.9871
-64.9871
-64.9871
-64.9871
-64.987
-64.987
-64.987
-64.987
-64.987
-64.987
-64.987
-64.987
-64.987
-64.987
-64.987
-64.987
-64.987
-64.987
-64.987
-64.987
-64.987
-64.987
-64.987
-64.987
-64.987
-64.987
-64.9869
-64.9869
-64.9869
-64.9869
-64.9869
-64.9869
-64.9869
-64.9869
-64.9869
-64.9869
-64.9869
-64.9869
-64.9869
-64.9869
-64.9869
-64.9869
-64.9869
-64.9869
-64.9869
-64.9869
-64.9869
-64.9869
-64.9869
-64.9868
-64.9868
-64.9868
-64.9868
-64.9868
-64.9868
-64.9868
-64.9868
-64.9868
-64.9868
-64.9868
-64.9868
-64.9868
-64.9868
-64.9868
-64.9868
-64.9868
-64.9868
-64.9868
-64.9868
-64.9868
-64.9868
-64.9868
-64.9868
-64.9867
-64.9867
-64.9867
-64.9867
-64.9867
-64.9867
-64.9867
-64.9867
-64.9867
-64.9867
-64.9867
-64.9867
-64.9867
-64.9867
-64.9867
-64.9867
-64.9867
-64.9867
-64.9867
-64.9867
-64.9867
-64.9867
-64.9867
-64.9867
-64.9866
-64.9866
-64.9866
-64.9866
-64.9866
-64.9866
-64.9866
-64.9866
-64.9866
-64.9866
-64.9866
-64.9866
-64.9866
-64.9866
-64.9866
-64.9866
-64.9866
-64.9866
-64.9866
-64.9866
-64.9866
-64.9866
-64.9866
-64.9866
-64.9866
-64.9865
-64.9865
-64.9865
-64.9865
-64.9865
-64.9865
-64.9865
-64.9865
-64.9865
-64.9865
-64.9865
-64.9865
-64.9865
-64.9865
-64.9865
-64.9865
-64.9865
-64.9865
-64.9865
-64.9865
-64.9865
-64.9865
-64.9865
-64.9865
-64.9865
-64.9864
-64.9864
-64.9864
-64.9864
-64.9864
-64.9864
-64.9864
-64.9864
-64.9864
-64.9864
-64.9864
-64.9864
-64.9864
-64.9864
-64.9864
-64.9864
-64.9864
-64.9864
-64.9864
-64.9864
-64.9864
-64.9864
-64.9864
-64.9863
-64.9863
-64.9863
-64.9863
-64.9863
-64.9863
-64.9863
-64.9863
-64.9863
-64.9863
-64.9863
-64.9863
-64.9863
-64.9863
-64.9863
-64.9863
-64.9862
-64.9862
-64.9862
-64.9862
-64.9862
-64.9862
-64.9862
-64.9862
-64.9862
-64.9862
-64.9862
-64.9862
-64.9862
-64.9861
-64.9861
-64.9861
-64.9861
-64.9861
-64.9861
-64.9861
-64.9861
-64.9861
-64.9861
-64.9861
-64.986
-64.986
-64.986
-64.986
-64.986
-64.986
-64.986
-64.986
-64.986
-64.986
-64.9859
-64.9859
-64.9859
-64.9859
-64.9859
-64.9859
-64.9859
-64.9859
-64.9859
-64.9858
-64.9858
-64.9858
-64.9858
-64.9858
-64.9858
-64.9858
-64.9858
-64.9857
-64.9857
-64.9857
-64.9857
-64.9857
-64.9857
-64.9857
-64.9857
-64.9856
-64.9856
-64.9856
-64.9856
-64.9856
-64.9856
-64.9856
-64.9855
-64.9855
-64.9855
-64.9855
-64.9855
-64.9855
-64.9855
-64.9854
-64.9854
-64.9854
-64.9854
-64.9854
-64.9854
-64.9854
-64.9853
-64.9853
-64.9853
-64.9853
-64.9853
-64.9853
-64.9853
-64.9852
-64.9852
-64.9852
-64.9852
-64.9852
-64.9852
-64.9851
-64.9851
-64.9851
-64.9851
-64.9851
-64.9851
-64.9851
-64.985
-64.985
-64.985
-64.985
-64.985
-64.985
-64.9849
-64.9849
-64.9849
-64.9849
-64.9849
-64.9849
-64.9848
-64.9848
-64.9848
-64.9848
-64.9848
-64.9848
-64.9847
-64.9847
-64.9847
-64.9847
-64.9847
-64.9847
-64.9846
-64.9846
-64.9846
-64.9846
-64.9846
-64.9846
-64.9845
-64.9845
-64.9845
-64.9845
-64.9845
-64.9844
-64.9844
-64.9844
-64.9844
-64.9844
-64.9844
-64.9843
-64.9843
-64.9843
-64.9843
-64.9843
-64.9843
-64.9842
-64.9842
-64.9842
-64.9842
-64.9842
-64.9841
-64.9841
-64.9841
-64.9841
-64.9841
-64.9841
-64.984
-64.984
-64.984
-64.984
-64.984
-64.984
-64.9839
-64.9839
-64.9839
-64.9839
-64.9839
-64.9838
-64.9838
-64.9838
-64.9838
-64.9838
-64.9838
-64.9837
-64.9837
-64.9837
-64.9837
-64.9837
-64.9836
-64.9836
-64.9836
-64.9836
-64.9836
-64.9836
-64.9835
-64.9835
-64.9835
-64.9835
-64.9835
-64.9834
-64.9834
-64.9834
-64.9834
-64.9834
-64.9834
-64.9833
-64.9833
-64.9833
-64.9833
-64.9833
-64.9833
-64.9832
-64.9832
-64.9832
-64.9832
-64.9832
-64.9831
-64.9831
-64.9831
-64.9831
-64.9831
-64.9831
-64.983
-64.983
-64.983
-64.983
-64.983
-64.9829
-64.9829
-64.9829
-64.9829
-64.9829
-64.9829
-64.9828
-64.9828
-64.9828
-64.9828
-64.9828
-64.9827
-64.9827
-64.9827
-64.9827
-64.9827
-64.9827
-64.9826
-64.9826
-64.9826
-64.9826
-64.9826
-64.9826
-64.9825
-64.9825
-64.9825
-64.9825
-64.9825
-64.9824
-64.9824
-64.9824
-64.9824
-64.9824
-64.9824
-64.9823
-64.9823
-64.9823
-64.9823
-64.9823
-64.9823
-64.9822
-64.9822
-64.9822
-64.9822
-64.9822
-64.9821
-64.9821
-64.9821
-64.9821
-64.9821
-64.9821
-64.982
-64.982
-64.982
-64.982
-64.982
-64.982
-64.9819
-64.9819
-64.9819
-64.9819
-64.9819
-64.9819
-64.9818
-64.9818
-64.9818
-64.9818
-64.9818
-64.9818
-64.9817
-64.9817
-64.9817
-64.9817
-64.9817
-64.9817
-64.9816
-64.9816
-64.9816
-64.9816
-64.9816
-64.9815
-64.9815
-64.9815
-64.9815
-64.9815
-64.9815
-64.9814
-64.9814
-64.9814
-64.9814
-64.9814
-64.9814
-64.9813
-64.9813
-64.9813
-64.9813
-64.9813
-64.9813
-64.9812
-64.9812
-64.9812
-64.9812
-64.9812
-64.9812
-64.9811
-64.9811
-64.9811
-64.9811
-64.9811
-64.9811
-64.9811
-64.981
-64.981
-64.981
-64.981
-64.981
-64.981
-64.9809
-64.9809
-64.9809
-64.9809
-64.9809
-64.9809
-64.9808
-64.9808
-64.9808
-64.9808
-64.9808
-64.9808
-64.9807
-64.9807
-64.9807
-64.9807
-64.9807
-64.9807
-64.9807
-64.9806
-64.9806
-64.9806
-64.9806
-64.9806
-64.9806
-64.9805
-64.9805
-64.9805
-64.9805
-64.9805
-64.9805
-64.9804
-64.9804
-64.9804
-64.9804
-64.9804
-64.9804
-64.9804
-64.9803
-64.9803
-64.9803
-64.9803
-64.9803
-64.9803
-64.9802
-64.9802
-64.9802
-64.9802
-64.9802
-64.9802
-64.9802
-64.9801
-64.9801
-64.9801
-64.9801
-64.9801
-64.9801
-64.9801
-64.98
-64.98
-64.98
-64.98
-64.98
-64.98
-64.9799
-64.9799
-64.9799
-64.9799
-64.9799
-64.9799
-64.9799
-64.9798
-64.9798
-64.9798
-64.9798
-64.9798
-64.9798
-64.9798
-64.9797
-64.9797
-64.9797
-64.9797
-64.9797
-64.9797
-64.9797
-64.9796
-64.9796
-64.9796
-64.9796
-64.9796
-64.9796
-64.9796
-64.9795
-64.9795
-64.9795
-64.9795
-64.9795
-64.9795
-64.9795
-64.9794
-64.9794
-64.9794
-64.9794
-64.9794
-64.9794
-64.9794
-64.9793
-64.9793
-64.9793
-64.9793
-64.9793
-64.9793
-64.9793
-64.9792
-64.9792
-64.9792
-64.9792
-64.9792
-64.9792
-64.9792
-64.9792
-64.9791
-64.9791
-64.9791
-64.9791
-64.9791
-64.9791
-64.9791
-64.979
-64.979
-64.979
-64.979
-64.979
-64.979
-64.979
-64.979
-64.9789
-64.9789
-64.9789
-64.9789
-64.9789
-64.9789
-64.9789
-64.9788
-64.9788
-64.9788
-64.9788
-64.9788
-64.9788
-64.9788
-64.9788
-64.9787
-64.9787
-64.9787
-64.9787
-64.9787
-64.9787
-64.9787
-64.9787
-64.9786
-64.9786
-64.9786
-64.9786
-64.9786
-64.9786
-64.9786
-64.9786
-64.9785
-64.9785
-64.9785
-64.9785
-64.9785
-64.9785
-64.9785
-64.9785
-64.9784
-64.9784
-64.9784
-64.9784
-64.9784
-64.9784
-64.9784
-64.9784
-64.9783
-64.9783
-64.9783
-64.9783
-64.9783
-64.9783
-64.9783
-64.9783
-64.9782
-64.9782
-64.9782
-64.9782
-64.9782
-64.9782
-64.9782
-64.9782
-64.9781
-64.9781
-64.9781
-64.9781
-64.9781
-64.9781
-64.9781
-64.9781
-64.9781
-64.978
-64.978
-64.978
-64.978
-64.978
-64.978
-64.978
-64.978
-64.9779
-64.9779
-64.9779
-64.9779
-64.9779
-64.9779
-64.9779
-64.9779
-64.9779
-64.9778
-64.9778
-64.9778
-64.9778
-64.9778
-64.9778
-64.9778
-64.9778
-64.9778
-64.9777
-64.9777
-64.9777
-64.9777
-64.9777
-64.9777
-64.9777
-64.9777
-64.9777
-64.9776
-64.9776
-64.9776
-64.9776
-64.9776
-64.9776
-64.9776
-64.9776
-64.9776
-64.9775
-64.9775
-64.9775
-64.9775
-64.9775
-64.9775
-64.9775
-64.9775
-64.9775
-64.9774
-64.9774
-64.9774
-64.9774
-64.9774
-64.9774
-64.9774
-64.9774
-64.9774
-64.9774
-64.9773
-64.9773
-64.9773
-64.9773
-64.9773
-64.9773
-64.9773
-64.9773
-64.9773
-64.9773
-64.9772
-64.9772
-64.9772
-64.9772
-64.9772
-64.9772
-64.9772
-64.9772
-64.9772
-64.9771
-64.9771
-64.9771
-64.9771
-64.9771
-64.9771
-64.9771
-64.9771
-64.9771
-64.9771
-64.977
-64.977
-64.977
-64.977
-64.977
-64.977
-64.977
-64.977
-64.977
-64.977
-64.977
-64.9769
-64.9769
-64.9769
-64.9769
-64.9769
-64.9769
-64.9769
-64.9769
-64.9769
-64.9769
-64.9768
-64.9768
-64.9768
-64.9768
-64.9768
-64.9768
-64.9768
-64.9768
-64.9768
-64.9768
-64.9768
-64.9767
-64.9767
-64.9767
-64.9767
-64.9767
-64.9767
-64.9767
-64.9767
-64.9767
-64.9767
-64.9766
-64.9766
-64.9766
-64.9766
-64.9766
-64.9766
-64.9766
-64.9766
-64.9766
-64.9766
-64.9766
-64.9766
-64.9765
-64.9765
-64.9765
-64.9765
-64.9765
-64.9765
-64.9765
-64.9765
-64.9765
-64.9765
-64.9765
-64.9764
-64.9764
-64.9764
-64.9764
-64.9764
-64.9764
-64.9764
-64.9764
-64.9764
-64.9764
-64.9764
-64.9764
-64.9763
-64.9763
-64.9763
-64.9763
-64.9763
-64.9763
-64.9763
-64.9763
-64.9763
-64.9763
-64.9763
-64.9763
-64.9762
-64.9762
-64.9762
-64.9762
-64.9762
-64.9762
-64.9762
-64.9762
-64.9762
-64.9762
-64.9762
-64.9762
-64.9761
-64.9761
-64.9761
-64.9761
-64.9761
-64.9761
-64.9761
-64.9761
-64.9761
-64.9761
-64.9761
-64.9761
-64.976
-64.976
-64.976
-64.976
-64.976
-64.976
-64.976
-64.976
-64.976
-64.976
-64.976
-64.976
-64.976
-64.9759
-64.9759
-64.9759
-64.9759
-64.9759
-64.9759
-64.9759
-64.9759
-64.9759
-64.9759
-64.9759
-64.9759
-64.9759
-64.9759
-64.9758
-64.9758
-64.9758
-64.9758
-64.9758
-64.9758
-64.9758
-64.9758
-64.9758
-64.9758
-64.9758
-64.9758
-64.9758
-64.9757
-64.9757
-64.9757
-64.9757
-64.9757
-64.9757
-64.9757
-64.9757
-64.9757
-64.9757
-64.9757
-64.9757
-64.9757
-64.9757
-64.9757
-64.9756
-64.9756
-64.9756
-64.9756
-64.9756
-64.9756
-64.9756
-64.9756
-64.9756
-64.9756
-64.9756
-64.9756
-64.9756
-64.9756
-64.9755
-64.9755
-64.9755
-64.9755
-64.9755
-64.9755
-64.9755
-64.9755
-64.9755
-64.9755
-64.9755
-64.9755
-64.9755
-64.9755
-64.9755
-64.9754
-64.9754
-64.9754
-64.9754
-64.9754
-64.9754
-64.9754
-64.9754
-64.9754
-64.9754
-64.9754
-64.9754
-64.9754
-64.9754
-64.9753
-64.9753
-64.9753
-64.9753
-64.9753
-64.9753
-64.9753
-64.9753
-64.9753
-64.9753
-64.9753
-64.9753
-64.9753
-64.9752
-64.9752
-64.9752
-64.9752
-64.9752
-64.9752
-64.9752
-64.9752
-64.9752
-64.9752
-64.9751
-64.9751
-64.9751
-64.9751
-64.9751
-64.9751
-64.9751
-64.9751
-64.9751
-64.9751
-64.975
-64.975
-64.975
-64.975
-64.975
-64.975
-64.975
-64.975
-64.975
-64.9749
-64.9749
-64.9749
-64.9749
-64.9749
-64.9749
-64.9749
-64.9749
-64.9748
-64.9748
-64.9748
-64.9748
-64.9748
-64.9748
-64.9748
-64.9748
-64.9747
-64.9747
-64.9747
-64.9747
-64.9747
-64.9747
-64.9747
-64.9746
-64.9746
-64.9746
-64.9746
-64.9746
-64.9746
-64.9746
-64.9745
-64.9745
-64.9745
-64.9745
-64.9745
-64.9745
-64.9745
-64.9744
-64.9744
-64.9744
-64.9744
-64.9744
-64.9744
-64.9744
-64.9743
-64.9743
-64.9743
-64.9743
-64.9743
-64.9743
-64.9742
-64.9742
-64.9742
-64.9742
-64.9742
-64.9742
-64.9741
-64.9741
-64.9741
-64.9741
-64.9741
-64.9741
-64.974
-64.974
-64.974
-64.974
-64.974
-64.974
-64.9739
-64.9739
-64.9739
-64.9739
-64.9739
-64.9739
-64.9738
-64.9738
-64.9738
-64.9738
-64.9738
-64.9738
-64.9737
-64.9737
-64.9737
-64.9737
-64.9737
-64.9737
-64.9736
-64.9736
-64.9736
-64.9736
-64.9736
-64.9735
-64.9735
-64.9735
-64.9735
-64.9735
-64.9735
-64.9734
-64.9734
-64.9734
-64.9734
-64.9734
-64.9734
-64.9733
-64.9733
-64.9733
-64.9733
-64.9733
-64.9732
-64.9732
-64.9732
-64.9732
-64.9732
-64.9732
-64.9731
-64.9731
-64.9731
-64.9731
-64.9731
-64.973
-64.973
-64.973
-64.973
-64.973
-64.973
-64.9729
-64.9729
-64.9729
-64.9729
-64.9729
-64.9728
-64.9728
-64.9728
-64.9728
-64.9728
-64.9728
-64.9727
-64.9727
-64.9727
-64.9727
-64.9727
-64.9726
-64.9726
-64.9726
-64.9726
-64.9726
-64.9725
-64.9725
-64.9725
-64.9725
-64.9725
-64.9725
-64.9724
-64.9724
-64.9724
-64.9724
-64.9724
-64.9723
-64.9723
-64.9723
-64.9723
-64.9723
-64.9723
-64.9722
-64.9722
-64.9722
-64.9722
-64.9722
-64.9721
-64.9721
-64.9721
-64.9721
-64.9721
-64.9721
-64.972
-64.972
-64.972
-64.972
-64.972
-64.9719
-64.9719
-64.9719
-64.9719
-64.9719
-64.9719
-64.9718
-64.9718
-64.9718
-64.9718
-64.9718
-64.9717
-64.9717
-64.9717
-64.9717
-64.9717
-64.9717
-64.9716
-64.9716
-64.9716
-64.9716
-64.9716
-64.9715
-64.9715
-64.9715
-64.9715
-64.9715
-64.9715
-64.9714
-64.9714
-64.9714
-64.9714
-64.9714
-64.9714
-64.9713
-64.9713
-64.9713
-64.9713
-64.9713
-64.9712
-64.9712
-64.9712
-64.9712
-64.9712
-64.9712
-64.9711
-64.9711
-64.9711
-64.9711
-64.9711
-64.9711
-64.971
-64.971
-64.971
-64.971
-64.971
-64.971
-64.9709
-64.9709
-64.9709
-64.9709
-64.9709
-64.9709
-64.9708
-64.9708
-64.9708
-64.9708
-64.9708
-64.9707
-64.9707
-64.9707
-64.9707
-64.9707
-64.9707
-64.9706
-64.9706
-64.9706
-64.9706
-64.9706
-64.9706
-64.9705
-64.9705
-64.9705
-64.9705
-64.9705
-64.9705
-64.9704
-64.9704
-64.9704
-64.9704
-64.9704
-64.9704
-64.9703
-64.9703
-64.9703
-64.9703
-64.9703
-64.9703
-64.9703
-64.9702
-64.9702
-64.9702
-64.9702
-64.9702
-64.9702
-64.9701
-64.9701
-64.9701
-64.9701
-64.9701
-64.9701
-64.97
-64.97
-64.97
-64.97
-64.97
-64.97
-64.9699
-64.9699
-64.9699
-64.9699
-64.9699
-64.9699
-64.9699
-64.9698
-64.9698
-64.9698
-64.9698
-64.9698
-64.9698
-64.9697
-64.9697
-64.9697
-64.9697
-64.9697
-64.9697
-64.9697
-64.9696
-64.9696
-64.9696
-64.9696
-64.9696
-64.9696
-64.9695
-64.9695
-64.9695
-64.9695
-64.9695
-64.9695
-64.9695
-64.9694
-64.9694
-64.9694
-64.9694
-64.9694
-64.9694
-64.9694
-64.9693
-64.9693
-64.9693
-64.9693
-64.9693
-64.9693
-64.9693
-64.9692
-64.9692
-64.9692
-64.9692
-64.9692
-64.9692
-64.9692
-64.9691
-64.9691
-64.9691
-64.9691
-64.9691
-64.9691
-64.9691
-64.969
-64.969
-64.969
-64.969
-64.969
-64.969
-64.969
-64.9689
-64.9689
-64.9689
-64.9689
-64.9689
-64.9689
-64.9689
-64.9688
-64.9688
-64.9688
-64.9688
-64.9688
-64.9688
-64.9688
-64.9688
-64.9687
-64.9687
-64.9687
-64.9687
-64.9687
-64.9687
-64.9687
-64.9686
-64.9686
-64.9686
-64.9686
-64.9686
-64.9686
-64.9686
-64.9686
-64.9685
-64.9685
-64.9685
-64.9685
-64.9685
-64.9685
-64.9685
-64.9684
-64.9684
-64.9684
-64.9684
-64.9684
-64.9684
-64.9684
-64.9684
-64.9683
-64.9683
-64.9683
-64.9683
-64.9683
-64.9683
-64.9683
-64.9683
-64.9682
-64.9682
-64.9682
-64.9682
-64.9682
-64.9682
-64.9682
-64.9682
-64.9681
-64.9681
-64.9681
-64.9681
-64.9681
-64.9681
-64.9681
-64.9681
-64.9681
-64.968
-64.968
-64.968
-64.968
-64.968
-64.968
-64.968
-64.968
-64.9679
-64.9679
-64.9679
-64.9679
-64.9679
-64.9679
-64.9679
-64.9679
-64.9679
-64.9678
-64.9678
-64.9678
-64.9678
-64.9678
-64.9678
-64.9678
-64.9678
-64.9677
-64.9677
-64.9677
-64.9677
-64.9677
-64.9677
-64.9677
-64.9677
-64.9677
-64.9676
-64.9676
-64.9676
-64.9676
-64.9676
-64.9676
-64.9676
-64.9676
-64.9676
-64.9676
-64.9675
-64.9675
-64.9675
-64.9675
-64.9675
-64.9675
-64.9675
-64.9675
-64.9675
-64.9674
-64.9674
-64.9674
-64.9674
-64.9674
-64.9674
-64.9674
-64.9674
-64.9674
-64.9673
-64.9673
-64.9673
-64.9673
-64.9673
-64.9673
-64.9673
-64.9673
-64.9673
-64.9673
-64.9672
-64.9672
-64.9672
-64.9672
-64.9672
-64.9672
-64.9672
-64.9672
-64.9672
-64.9672
-64.9671
-64.9671
-64.9671
-64.9671
-64.9671
-64.9671
-64.9671
-64.9671
-64.9671
-64.9671
-64.9671
-64.967
-64.967
-64.967
-64.967
-64.967
-64.967
-64.967
-64.967
-64.967
-64.967
-64.9669
-64.9669
-64.9669
-64.9669
-64.9669
-64.9669
-64.9669
-64.9669
-64.9669
-64.9669
-64.9669
-64.9668
-64.9668
-64.9668
-64.9668
-64.9668
-64.9668
-64.9668
-64.9668
-64.9668
-64.9668
-64.9668
-64.9667
-64.9667
-64.9667
-64.9667
-64.9667
-64.9667
-64.9667
-64.9667
-64.9667
-64.9667
-64.9667
-64.9667
-64.9666
-64.9666
-64.9666
-64.9666
-64.9666
-64.9666
-64.9666
-64.9666
-64.9666
-64.9666
-64.9666
-64.9666
-64.9665
-64.9665
-64.9665
-64.9665
-64.9665
-64.9665
-64.9665
-64.9665
-64.9665
-64.9665
-64.9665
-64.9664
-64.9664
-64.9664
-64.9664
-64.9664
-64.9664
-64.9664
-64.9664
-64.9664
-64.9664
-64.9664
-64.9663
-64.9663
-64.9663
-64.9663
-64.9663
-64.9663
-64.9663
-64.9663
-64.9663
-64.9663
-64.9662
-64.9662
-64.9662
-64.9662
-64.9662
-64.9662
-64.9662
-64.9662
-64.9662
-64.9661
-64.9661
-64.9661
-64.9661
-64.9661
-64.9661
-64.9661
-64.9661
-64.966
-64.966
-64.966
-64.966
-64.966
-64.966
-64.966
-64.966
-64.9659
-64.9659
-64.9659
-64.9659
-64.9659
-64.9659
-64.9659
-64.9659
-64.9658
-64.9658
-64.9658
-64.9658
-64.9658
-64.9658
-64.9658
-64.9657
-64.9657
-64.9657
-64.9657
-64.9657
-64.9657
-64.9656
-64.9656
-64.9656
-64.9656
-64.9656
-64.9656
-64.9655
-64.9655
-64.9655
-64.9655
-64.9655
-64.9655
-64.9654
-64.9654
-64.9654
-64.9654
-64.9654
-64.9653
-64.9653
-64.9653
-64.9653
-64.9653
-64.9653
-64.9652
-64.9652
-64.9652
-64.9652
-64.9651
-64.9651
-64.9651
-64.9651
-64.9651
-64.965
-64.965
-64.965
-64.965
-64.965
-64.9649
-64.9649
-64.9649
-64.9649
-64.9648
-64.9648
-64.9648
-64.9648
-64.9647
-64.9647
-64.9647
-64.9647
-64.9647
-64.9646
-64.9646
-64.9646
-64.9646
-64.9645
-64.9645
-64.9645
-64.9645
-64.9644
-64.9644
-64.9644
-64.9643
-64.9643
-64.9643
-64.9643
-64.9642
-64.9642
-64.9642
-64.9642
-64.9641
-64.9641
-64.9641
-64.9641
-64.964
-64.964
-64.964
-64.9639
-64.9639
-64.9639
-64.9639
-64.9638
-64.9638
-64.9638
-64.9637
-64.9637
-64.9637
-64.9637
-64.9636
-64.9636
-64.9636
-64.9635
-64.9635
-64.9635
-64.9635
-64.9634
-64.9634
-64.9634
-64.9633
-64.9633
-64.9633
-64.9632
-64.9632
-64.9632
-64.9632
-64.9631
-64.9631
-64.9631
-64.963
-64.963
-64.963
-64.9629
-64.9629
-64.9629
-64.9629
-64.9628
-64.9628
-64.9628
-64.9627
-64.9627
-64.9627
-64.9626
-64.9626
-64.9626
-64.9625
-64.9625
-64.9625
-64.9624
-64.9624
-64.9624
-64.9624
-64.9623
-64.9623
-64.9623
-64.9622
-64.9622
-64.9622
-64.9621
-64.9621
-64.9621
-64.962
-64.962
-64.962
-64.9619
-64.9619
-64.9619
-64.9618
-64.9618
-64.9618
-64.9617
-64.9617
-64.9617
-64.9617
-64.9616
-64.9616
-64.9616
-64.9615
-64.9615
-64.9615
-64.9614
-64.9614
-64.9614
-64.9613
-64.9613
-64.9613
-64.9612
-64.9612
-64.9612
-64.9611
-64.9611
-64.9611
-64.961
-64.961
-64.961
-64.9609
-64.9609
-64.9609
-64.9608
-64.9608
-64.9608
-64.9607
-64.9607
-64.9607
-64.9606
-64.9606
-64.9606
-64.9606
-64.9605
-64.9605
-64.9605
-64.9604
-64.9604
-64.9604
-64.9603
-64.9603
-64.9603
-64.9602
-64.9602
-64.9602
-64.9601
-64.9601
-64.9601
-64.96
-64.96
-64.96
-64.9599
-64.9599
-64.9599
-64.9598
-64.9598
-64.9598
-64.9597
-64.9597
-64.9597
-64.9597
-64.9596
-64.9596
-64.9596
-64.9595
-64.9595
-64.9595
-64.9594
-64.9594
-64.9594
-64.9593
-64.9593
-64.9593
-64.9592
-64.9592
-64.9592
-64.9591
-64.9591
-64.9591
-64.9591
-64.959
-64.959
-64.959
-64.9589
-64.9589
-64.9589
-64.9588
-64.9588
-64.9588
-64.9587
-64.9587
-64.9587
-64.9586
-64.9586
-64.9586
-64.9586
-64.9585
-64.9585
-64.9585
-64.9584
-64.9584
-64.9584
-64.9583
-64.9583
-64.9583
-64.9582
-64.9582
-64.9582
-64.9582
-64.9581
-64.9581
-64.9581
-64.958
-64.958
-64.958
-64.9579
-64.9579
-64.9579
-64.9579
-64.9578
-64.9578
-64.9578
-64.9577
-64.9577
-64.9577
-64.9576
-64.9576
-64.9576
-64.9576
-64.9575
-64.9575
-64.9575
-64.9574
-64.9574
-64.9574
-64.9574
-64.9573
-64.9573
-64.9573
-64.9572
-64.9572
-64.9572
-64.9571
-64.9571
-64.9571
-64.9571
-64.957
-64.957
-64.957
-64.9569
-64.9569
-64.9569
-64.9569
-64.9568
-64.9568
-64.9568
-64.9567
-64.9567
-64.9567
-64.9567
-64.9566
-64.9566
-64.9566
-64.9565
-64.9565
-64.9565
-64.9565
-64.9564
-64.9564
-64.9564
-64.9564
-64.9563
-64.9563
-64.9563
-64.9562
-64.9562
-64.9562
-64.9562
-64.9561
-64.9561
-64.9561
-64.956
-64.956
-64.956
-64.956
-64.9559
-64.9559
-64.9559
-64.9559
-64.9558
-64.9558
-64.9558
-64.9558
-64.9557
-64.9557
-64.9557
-64.9556
-64.9556
-64.9556
-64.9556
-64.9555
-64.9555
-64.9555
-64.9555
-64.9554
-64.9554
-64.9554
-64.9554
-64.9553
-64.9553
-64.9553
-64.9553
-64.9552
-64.9552
-64.9552
-64.9551
-64.9551
-64.9551
-64.9551
-64.955
-64.955
-64.955
-64.955
-64.9549
-64.9549
-64.9549
-64.9549
-64.9548
-64.9548
-64.9548
-64.9548
-64.9547
-64.9547
-64.9547
-64.9547
-64.9546
-64.9546
-64.9546
-64.9546
-64.9545
-64.9545
-64.9545
-64.9545
-64.9544
-64.9544
-64.9544
-64.9544
-64.9544
-64.9543
-64.9543
-64.9543
-64.9543
-64.9542
-64.9542
-64.9542
-64.9542
-64.9541
-64.9541
-64.9541
-64.9541
-64.954
-64.954
-64.954
-64.954
-64.9539
-64.9539
-64.9539
-64.9539
-64.9539
-64.9538
-64.9538
-64.9538
-64.9538
-64.9537
-64.9537
-64.9537
-64.9537
-64.9536
-64.9536
-64.9536
-64.9536
-64.9536
-64.9535
-64.9535
-64.9535
-64.9535
-64.9534
-64.9534
-64.9534
-64.9534
-64.9534
-64.9533
-64.9533
-64.9533
-64.9533
-64.9532
-64.9532
-64.9532
-64.9532
-64.9532
-64.9531
-64.9531
-64.9531
-64.9531
-64.953
-64.953
-64.953
-64.953
-64.953
-64.9529
-64.9529
-64.9529
-64.9529
-64.9529
-64.9528
-64.9528
-64.9528
-64.9528
-64.9527
-64.9527
-64.9527
-64.9527
-64.9527
-64.9526
-64.9526
-64.9526
-64.9526
-64.9526
-64.9525
-64.9525
-64.9525
-64.9525
-64.9525
-64.9524
-64.9524
-64.9524
-64.9524
-64.9524
-64.9523
-64.9523
-64.9523
-64.9523
-64.9523
-64.9522
-64.9522
-64.9522
-64.9522
-64.9522
-64.9521
-64.9521
-64.9521
-64.9521
-64.9521
-64.952
-64.952
-64.952
-64.952
-64.952
-64.9519
-64.9519
-64.9519
-64.9519
-64.9519
-64.9518
-64.9518
-64.9518
-64.9518
-64.9518
-64.9518
-64.9517
-64.9517
-64.9517
-64.9517
-64.9517
-64.9516
-64.9516
-64.9516
-64.9516
-64.9516
-64.9516
-64.9515
-64.9515
-64.9515
-64.9515
-64.9515
-64.9514
-64.9514
-64.9514
-64.9514
-64.9514
-64.9514
-64.9513
-64.9513
-64.9513
-64.9513
-64.9513
-64.9512
-64.9512
-64.9512
-64.9512
-64.9512
-64.9512
-64.9511
-64.9511
-64.9511
-64.9511
-64.9511
-64.9511
-64.951
-64.951
-64.951
-64.951
-64.951
-64.9509
-64.9509
-64.9509
-64.9509
-64.9509
-64.9509
-64.9508
-64.9508
-64.9508
-64.9508
-64.9508
-64.9508
-64.9507
-64.9507
-64.9507
-64.9507
-64.9507
-64.9507
-64.9507
-64.9506
-64.9506
-64.9506
-64.9506
-64.9506
-64.9506
-64.9505
-64.9505
-64.9505
-64.9505
-64.9505
-64.9505
-64.9504
-64.9504
-64.9504
-64.9504
-64.9504
-64.9504
-64.9503
-64.9503
-64.9503
-64.9503
-64.9503
-64.9503
-64.9503
-64.9502
-64.9502
-64.9502
-64.9502
-64.9502
-64.9502
-64.9502
-64.9501
-64.9501
-64.9501
-64.9501
-64.9501
-64.9501
-64.95
-64.95
-64.95
-64.95
-64.95
-64.95
-64.95
-64.9499
-64.9499
-64.9499
-64.9499
-64.9499
-64.9499
-64.9499
-64.9498
-64.9498
-64.9498
-64.9498
-64.9498
-64.9498
-64.9498
-64.9497
-64.9497
-64.9497
-64.9497
-64.9497
-64.9497
-64.9497
-64.9496
-64.9496
-64.9496
-64.9496
-64.9496
-64.9496
-64.9496
-64.9496
-64.9495
-64.9495
-64.9495
-64.9495
-64.9495
-64.9495
-64.9495
-64.9494
-64.9494
-64.9494
-64.9494
-64.9494
-64.9494
-64.9494
-64.9494
-64.9493
-64.9493
-64.9493
-64.9493
-64.9493
-64.9493
-64.9493
-64.9493
-64.9492
-64.9492
-64.9492
-64.9492
-64.9492
-64.9492
-64.9492
-64.9492
-64.9491
-64.9491
-64.9491
-64.9491
-64.9491
-64.9491
-64.9491
-64.9491
-64.949
-64.949
-64.949
-64.949
-64.949
-64.949
-64.949
-64.949
-64.949
-64.9489
-64.9489
-64.9489
-64.9489
-64.9489
-64.9489
-64.9489
-64.9489
-64.9488
-64.9488
-64.9488
-64.9488
-64.9488
-64.9488
-64.9488
-64.9488
-64.9488
-64.9487
-64.9487
-64.9487
-64.9487
-64.9487
-64.9487
-64.9487
-64.9487
-64.9487
-64.9486
-64.9486
-64.9486
-64.9486
-64.9486
-64.9486
-64.9486
-64.9486
-64.9486
-64.9486
-64.9485
-64.9485
-64.9485
-64.9485
-64.9485
-64.9485
-64.9485
-64.9485
-64.9485
-64.9484
-64.9484
-64.9484
-64.9484
-64.9484
-64.9484
-64.9484
-64.9484
-64.9484
-64.9484
-64.9483
-64.9483
-64.9483
-64.9483
-64.9483
-64.9483
-64.9483
-64.9483
-64.9483
-64.9483
-64.9482
-64.9482
-64.9482
-64.9482
-64.9482
-64.9482
-64.9482
-64.9482
-64.9482
-64.9482
-64.9482
-64.9481
-64.9481
-64.9481
-64.9481
-64.9481
-64.9481
-64.9481
-64.9481
-64.9481
-64.9481
-64.9481
-64.948
-64.948
-64.948
-64.948
-64.948
-64.948
-64.948
-64.948
-64.948
-64.948
-64.948
-64.948
-64.9479
-64.9479
-64.9479
-64.9479
-64.9479
-64.9479
-64.9479
-64.9479
-64.9479
-64.9479
-64.9479
-64.9479
-64.9478
-64.9478
-64.9478
-64.9478
-64.9478
-64.9478
-64.9478
-64.9478
-64.9478
-64.9478
-64.9478
-64.9478
-64.9477
-64.9477
-64.9477
-64.9477
-64.9477
-64.9477
-64.9477
-64.9477
-64.9477
-64.9477
-64.9477
-64.9477
-64.9477
-64.9477
-64.9476
-64.9476
-64.9476
-64.9476
-64.9476
-64.9476
-64.9476
-64.9476
-64.9476
-64.9476
-64.9476
-64.9476
-64.9476
-64.9476
-64.9475
-64.9475
-64.9475
-64.9475
-64.9475
-64.9475
-64.9475
-64.9475
-64.9475
-64.9475
-64.9475
-64.9475
-64.9475
-64.9475
-64.9475
-64.9474
-64.9474
-64.9474
-64.9474
-64.9474
-64.9474
-64.9474
-64.9474
-64.9474
-64.9474
-64.9474
-64.9474
-64.9474
-64.9474
-64.9474
-64.9474
-64.9473
-64.9473
-64.9473
-64.9473
-64.9473
-64.9473
-64.9473
-64.9473
-64.9473
-64.9473
-64.9473
-64.9473
-64.9473
-64.9473
-64.9473
-64.9473
-64.9473
-64.9472
-64.9472
-64.9472
-64.9472
-64.9472
-64.9472
-64.9472
-64.9472
-64.9472
-64.9472
-64.9472
-64.9472
-64.9472
-64.9472
-64.9472
-64.9472
-64.9472
-64.9472
-64.9472
-64.9471
-64.9471
-64.9471
-64.9471
-64.9471
-64.9471
-64.9471
-64.9471
-64.9471
-64.9471
-64.9471
-64.9471
-64.9471
-64.9471
-64.9471
-64.9471
-64.9471
-64.9471
-64.9471
-64.9471
-64.9471
-64.947
-64.947
-64.947
-64.947
-64.947
-64.947
-64.947
-64.947
-64.947
-64.947
-64.947
-64.947
-64.947
-64.947
-64.947
-64.947
-64.947
-64.947
-64.947
-64.947
-64.947
-64.947
-64.947
-64.947
-64.9469
-64.9469
-64.9469
-64.9469
-64.9469
-64.9469
-64.9469
-64.9469
-64.9469
-64.9469
-64.9469
-64.9469
-64.9469
-64.9469
-64.9469
-64.9469
-64.9469
-64.9469
-64.9469
-64.9469
-64.9469
-64.9469
-64.9469
-64.9469
-64.9469
-64.9469
-64.9469
-64.9469
-64.9469
-64.9468
-64.9468
-64.9468
-64.9468
-64.9468
-64.9468
-64.9468
-64.9468
-64.9468
-64.9468
-64.9468
-64.9468
-64.9468
-64.9468
-64.9468
-64.9468
-64.9468
-64.9468
-64.9468
-64.9468
-64.9468
-64.9468
-64.9468
-64.9468
-64.9468
-64.9468
-64.9468
-64.9468
-64.9468
-64.9468
-64.9468
-64.9468
-64.9468
-64.9468
-64.9468
-64.9468
-64.9468
-64.9468
-64.9467
-64.9467
-64.9467
-64.9467
-64.9467
-64.9467
-64.9467
-64.9467
-64.9467
-64.9467
-64.9467
-64.9467
-64.9467
-64.9467
-64.9467
-64.9467
-64.9467
-64.9467
-64.9467
-64.9467
-64.9467
-64.9467
-64.9467
-64.9467
-64.9467
-64.9467
-64.9467
-64.9467
-64.9467
-64.9467
-64.9467
-64.9467
-64.9467
-64.9467
-64.9467
-64.9467
-64.9467
-64.9467
-64.9467
-64.9467
-64.9467
-64.9467
-64.9467
-64.9467
-64.9467
-64.9467
-64.9467
-64.9467
-64.9467
-64.9467
-64.9467
-64.9467
-64.9467
-64.9467
-64.9467
-64.9467
-64.9467
-64.9467
-64.9467
-64.9467
-64.9467
-64.9467
-64.9467
-64.9467
-64.9467
-64.9467
-64.9467
-64.9467
-64.9467
-64.9467
-64.9467
-64.9467
-64.9467
-64.9467
-64.9466
-64.9466
-64.9466
-64.9466
-64.9466
-64.9466
-64.9466
-64.9466
-64.9466
-64.9466
-64.9466
-64.9466
-64.9466
-64.9466
-64.9466
-64.9466
-64.9466
-64.9466
-64.9466
-64.9466
-64.9466
-64.9466
-64.9466
-64.9466
-64.9466
-64.9466
-64.9466
-64.9466
-64.9466
-64.9466
-64.9466
-64.9466
-64.9466
-64.9466
-64.9466
-64.9466
-64.9466
-64.9466
-64.9466
-64.9466
-64.9466
-64.9466
-64.9466
-64.9466
-64.9466
-64.9466
-64.9466
-64.9466
-64.9467
-64.9467
-64.9467
-64.9467
-64.9467
-64.9467
-64.9467
-64.9467
-64.9467
-64.9467
-64.9467
-64.9467
-64.9467
-64.9467
-64.9467
-64.9467
-64.9467
-64.9467
-64.9467
-64.9467
-64.9467
-64.9467
-64.9467
-64.9467
-64.9467
-64.9467
-64.9467
-64.9467
-64.9467
-64.9467
-64.9467
-64.9467
-64.9467
-64.9467
-64.9467
-64.9467
-64.9467
-64.9467
-64.9467
-64.9467
-64.9467
-64.9467
-64.9467
-64.9467
-64.9467
-64.9467
-64.9467
-64.9467
-64.9467
-64.9467
-64.9467
-64.9467
-64.9467
-64.9467
-64.9467
-64.9467
-64.9467
-64.9467
-64.9467
-64.9467
-64.9467
-64.9467
-64.9467
-64.9467
-64.9467
-64.9467
-64.9467
-64.9467
-64.9467
-64.9467
-64.9467
-64.9467
-64.9467
-64.9467
-64.9467
-64.9467
-64.9467
-64.9467
-64.9467
-64.9467
-64.9467
-64.9467
-64.9467
-64.9467
-64.9467
-64.9467
-64.9467
-64.9467
-64.9467
-64.9466
-64.9466
-64.9466
-64.9466
-64.9466
-64.9466
-64.9466
-64.9466
-64.9466
-64.9466
-64.9466
-64.9466
-64.9466
-64.9466
-64.9466
-64.9466
-64.9465
-64.9465
-64.9465
-64.9465
-64.9465
-64.9465
-64.9465
-64.9465
-64.9465
-64.9465
-64.9465
-64.9464
-64.9464
-64.9464
-64.9464
-64.9464
-64.9464
-64.9464
-64.9464
-64.9464
-64.9463
-64.9463
-64.9463
-64.9463
-64.9463
-64.9463
-64.9463
-64.9463
-64.9462
-64.9462
-64.9462
-64.9462
-64.9462
-64.9462
-64.9462
-64.9461
-64.9461
-64.9461
-64.9461
-64.9461
-64.9461
-64.946
-64.946
-64.946
-64.946
-64.946
-64.946
-64.946
-64.9459
-64.9459
-64.9459
-64.9459
-64.9459
-64.9458
-64.9458
-64.9458
-64.9458
-64.9458
-64.9458
-64.9457
-64.9457
-64.9457
-64.9457
-64.9457
-64.9456
-64.9456
-64.9456
-64.9456
-64.9456
-64.9455
-64.9455
-64.9455
-64.9455
-64.9455
-64.9454
-64.9454
-64.9454
-64.9454
-64.9454
-64.9453
-64.9453
-64.9453
-64.9453
-64.9453
-64.9452
-64.9452
-64.9452
-64.9452
-64.9452
-64.9451
-64.9451
-64.9451
-64.9451
-64.945
-64.945
-64.945
-64.945
-64.945
-64.9449
-64.9449
-64.9449
-64.9449
-64.9448
-64.9448
-64.9448
-64.9448
-64.9448
-64.9447
-64.9447
-64.9447
-64.9447
-64.9446
-64.9446
-64.9446
-64.9446
-64.9445
-64.9445
-64.9445
-64.9445
-64.9445
-64.9444
-64.9444
-64.9444
-64.9444
-64.9443
-64.9443
-64.9443
-64.9443
-64.9442
-64.9442
-64.9442
-64.9442
-64.9441
-64.9441
-64.9441
-64.9441
-64.9441
-64.944
-64.944
-64.944
-64.944
-64.9439
-64.9439
-64.9439
-64.9439
-64.9438
-64.9438
-64.9438
-64.9438
-64.9437
-64.9437
-64.9437
-64.9437
-64.9436
-64.9436
-64.9436
-64.9436
-64.9435
-64.9435
-64.9435
-64.9435
-64.9434
-64.9434
-64.9434
-64.9434
-64.9433
-64.9433
-64.9433
-64.9433
-64.9432
-64.9432
-64.9432
-64.9432
-64.9432
-64.9431
-64.9431
-64.9431
-64.9431
-64.943
-64.943
-64.943
-64.943
-64.9429
-64.9429
-64.9429
-64.9429
-64.9428
-64.9428
-64.9428
-64.9428
-64.9427
-64.9427
-64.9427
-64.9427
-64.9426
-64.9426
-64.9426
-64.9426
-64.9425
-64.9425
-64.9425
-64.9425
-64.9424
-64.9424
-64.9424
-64.9424
-64.9424
-64.9423
-64.9423
-64.9423
-64.9423
-64.9422
-64.9422
-64.9422
-64.9422
-64.9421
-64.9421
-64.9421
-64.9421
-64.942
-64.942
-64.942
-64.942
-64.9419
-64.9419
-64.9419
-64.9419
-64.9419
-64.9418
-64.9418
-64.9418
-64.9418
-64.9417
-64.9417
-64.9417
-64.9417
-64.9416
-64.9416
-64.9416
-64.9416
-64.9416
-64.9415
-64.9415
-64.9415
-64.9415
-64.9414
-64.9414
-64.9414
-64.9414
-64.9413
-64.9413
-64.9413
-64.9413
-64.9413
-64.9412
-64.9412
-64.9412
-64.9412
-64.9411
-64.9411
-64.9411
-64.9411
-64.9411
-64.941
-64.941
-64.941
-64.941
-64.9409
-64.9409
-64.9409
-64.9409
-64.9409
-64.9408
-64.9408
-64.9408
-64.9408
-64.9407
-64.9407
-64.9407
-64.9407
-64.9407
-64.9406
-64.9406
-64.9406
-64.9406
-64.9405
-64.9405
-64.9405
-64.9405
-64.9405
-64.9404
-64.9404
-64.9404
-64.9404
-64.9404
-64.9403
-64.9403
-64.9403
-64.9403
-64.9403
-64.9402
-64.9402
-64.9402
-64.9402
-64.9401
-64.9401
-64.9401
-64.9401
-64.9401
-64.94
-64.94
-64.94
-64.94
-64.94
-64.9399
-64.9399
-64.9399
-64.9399
-64.9399
-64.9398
-64.9398
-64.9398
-64.9398
-64.9398
-64.9397
-64.9397
-64.9397
-64.9397
-64.9397
-64.9396
-64.9396
-64.9396
-64.9396
-64.9396
-64.9395
-64.9395
-64.9395
-64.9395
-64.9395
-64.9394
-64.9394
-64.9394
-64.9394
-64.9394
-64.9394
-64.9393
-64.9393
-64.9393
-64.9393
-64.9393
-64.9392
-64.9392
-64.9392
-64.9392
-64.9392
-64.9391
-64.9391
-64.9391
-64.9391
-64.9391
-64.9391
-64.939
-64.939
-64.939
-64.939
-64.939
-64.9389
-64.9389
-64.9389
-64.9389
-64.9389
-64.9389
-64.9388
-64.9388
-64.9388
-64.9388
-64.9388
-64.9387
-64.9387
-64.9387
-64.9387
-64.9387
-64.9387
-64.9386
-64.9386
-64.9386
-64.9386
-64.9386
-64.9386
-64.9385
-64.9385
-64.9385
-64.9385
-64.9385
-64.9385
-64.9384
-64.9384
-64.9384
-64.9384
-64.9384
-64.9384
-64.9383
-64.9383
-64.9383
-64.9383
-64.9383
-64.9383
-64.9382
-64.9382
-64.9382
-64.9382
-64.9382
-64.9382
-64.9381
-64.9381
-64.9381
-64.9381
-64.9381
-64.9381
-64.938
-64.938
-64.938
-64.938
-64.938
-64.938
-64.9379
-64.9379
-64.9379
-64.9379
-64.9379
-64.9379
-64.9379
-64.9378
-64.9378
-64.9378
-64.9378
-64.9378
-64.9378
-64.9377
-64.9377
-64.9377
-64.9377
-64.9377
-64.9377
-64.9377
-64.9376
-64.9376
-64.9376
-64.9376
-64.9376
-64.9376
-64.9376
-64.9375
-64.9375
-64.9375
-64.9375
-64.9375
-64.9375
-64.9375
-64.9374
-64.9374
-64.9374
-64.9374
-64.9374
-64.9374
-64.9374
-64.9373
-64.9373
-64.9373
-64.9373
-64.9373
-64.9373
-64.9373
-64.9373
-64.9372
-64.9372
-64.9372
-64.9372
-64.9372
-64.9372
-64.9372
-64.9371
-64.9371
-64.9371
-64.9371
-64.9371
-64.9371
-64.9371
-64.9371
-64.937
-64.937
-64.937
-64.937
-64.937
-64.937
-64.937
-64.937
-64.9369
-64.9369
-64.9369
-64.9369
-64.9369
-64.9369
-64.9369
-64.9369
-64.9368
-64.9368
-64.9368
-64.9368
-64.9368
-64.9368
-64.9368
-64.9368
-64.9367
-64.9367
-64.9367
-64.9367
-64.9367
-64.9367
-64.9367
-64.9367
-64.9366
-64.9366
-64.9366
-64.9366
-64.9366
-64.9366
-64.9366
-64.9366
-64.9366
-64.9365
-64.9365
-64.9365
-64.9365
-64.9365
-64.9365
-64.9365
-64.9365
-64.9365
-64.9364
-64.9364
-64.9364
-64.9364
-64.9364
-64.9364
-64.9364
-64.9364
-64.9364
-64.9364
-64.9363
-64.9363
-64.9363
-64.9363
-64.9363
-64.9363
-64.9363
-64.9363
-64.9363
-64.9362
-64.9362
-64.9362
-64.9362
-64.9362
-64.9362
-64.9362
-64.9362
-64.9362
-64.9362
-64.9361
-64.9361
-64.9361
-64.9361
-64.9361
-64.9361
-64.9361
-64.9361
-64.9361
-64.9361
-64.9361
-64.936
-64.936
-64.936
-64.936
-64.936
-64.936
-64.936
-64.936
-64.936
-64.936
-64.936
-64.9359
-64.9359
-64.9359
-64.9359
-64.9359
-64.9359
-64.9359
-64.9359
-64.9359
-64.9359
-64.9359
-64.9358
-64.9358
-64.9358
-64.9358
-64.9358
-64.9358
-64.9358
-64.9358
-64.9358
-64.9358
-64.9358
-64.9358
-64.9357
-64.9357
-64.9357
-64.9357
-64.9357
-64.9357
-64.9357
-64.9357
-64.9357
-64.9357
-64.9357
-64.9357
-64.9357
-64.9356
-64.9356
-64.9356
-64.9356
-64.9356
-64.9356
-64.9356
-64.9356
-64.9356
-64.9356
-64.9356
-64.9356
-64.9356
-64.9356
-64.9355
-64.9355
-64.9355
-64.9355
-64.9355
-64.9355
-64.9355
-64.9355
-64.9355
-64.9355
-64.9355
-64.9355
-64.9355
-64.9355
-64.9355
-64.9354
-64.9354
-64.9354
-64.9354
-64.9354
-64.9354
-64.9354
-64.9354
-64.9354
-64.9354
-64.9354
-64.9354
-64.9354
-64.9354
-64.9354
-64.9353
-64.9353
-64.9353
-64.9353
-64.9353
-64.9353
-64.9353
-64.9353
-64.9353
-64.9353
-64.9353
-64.9353
-64.9353
-64.9353
-64.9353
-64.9353
-64.9353
-64.9353
-64.9352
-64.9352
-64.9352
-64.9352
-64.9352
-64.9352
-64.9352
-64.9352
-64.9352
-64.9352
-64.9352
-64.9352
-64.9352
-64.9352
-64.9352
-64.9352
-64.9352
-64.9352
-64.9352
-64.9351
-64.9351
-64.9351
-64.9351
-64.9351
-64.9351
-64.9351
-64.9351
-64.9351
-64.9351
-64.9351
-64.9351
-64.9351
-64.9351
-64.9351
-64.9351
-64.9351
-64.9351
-64.9351
-64.9351
-64.9351
-64.9351
-64.9351
-64.935
-64.935
-64.935
-64.935
-64.935
-64.935
-64.935
-64.935
-64.935
-64.935
-64.935
-64.935
-64.935
-64.935
-64.935
-64.935
-64.935
-64.935
-64.935
-64.935
-64.935
-64.935
-64.935
-64.935
-64.935
-64.935
-64.935
-64.9349
-64.9349
-64.9349
-64.9349
-64.9349
-64.9349
-64.9349
-64.9349
-64.9349
-64.9349
-64.9349
-64.9349
-64.9349
-64.9349
-64.9349
-64.9349
-64.9349
-64.9349
-64.9349
-64.9349
-64.9349
-64.9349
-64.9349
-64.9349
-64.9349
-64.9349
-64.9349
-64.9349
-64.9349
-64.9349
-64.9349
-64.9349
-64.9349
-64.9349
-64.9349
-64.9349
-64.9349
-64.9349
-64.9348
-64.9348
-64.9348
-64.9348
-64.9348
-64.9348
-64.9348
-64.9348
-64.9348
-64.9348
-64.9348
-64.9348
-64.9348
-64.9348
-64.9348
-64.9348
-64.9348
-64.9348
-64.9348
-64.9348
-64.9348
-64.9348
-64.9348
-64.9348
-64.9348
-64.9348
-64.9348
-64.9348
-64.9348
-64.9348
-64.9348
-64.9348
-64.9348
-64.9348
-64.9348
-64.9348
-64.9348
-64.9348
-64.9348
-64.9348
-64.9348
-64.9348
-64.9348
-64.9348
-64.9348
-64.9348
-64.9348
-64.9348
-64.9348
-64.9348
-64.9348
-64.9348
-64.9348
-64.9348
-64.9348
-64.9348
-64.9348
-64.9348
-64.9348
-64.9348
-64.9348
-64.9348
-64.9348
-64.9348
-64.9348
-64.9348
-64.9348
-64.9348
-64.9348
-64.9348
-64.9348
-64.9348
-64.9348
-64.9348
-64.9348
-64.9348
-64.9348
-64.9348
-64.9348
-64.9348
-64.9348
-64.9348
-64.9348
-64.9348
-64.9348
-64.9348
-64.9348
-64.9348
-64.9348
-64.9348
-64.9348
-64.9348
-64.9348
-64.9348
-64.9348
-64.9348
-64.9348
-64.9348
-64.9348
-64.9348
-64.9348
-64.9348
-64.9348
-64.9348
-64.9348
-64.9348
-64.9348
-64.9348
-64.9348
-64.9348
-64.9348
-64.9348
-64.9348
-64.9348
-64.9348
-64.9348
-64.9348
-64.9348
-64.9348
-64.9348
-64.9348
-64.9348
-64.9348
-64.9348
-64.9348
-64.9348
-64.9348
-64.9348
-64.9348
-64.9348
-64.9348
-64.9348
-64.9348
-64.9348
-64.9348
-64.9348
-64.9348
-64.9348
-64.9348
-64.9348
-64.9348
-64.9348
-64.9348
-64.9348
-64.9348
-64.9348
-64.9348
-64.9348
-64.9348
-64.9348
-64.9349
-64.9349
-64.9349
-64.9349
-64.9349
-64.9349
-64.9349
-64.9349
-64.9349
-64.9349
-64.9349
-64.9349
-64.9349
-64.9349
-64.9349
-64.9349
-64.9349
-64.9349
-64.9349
-64.9349
-64.9349
-64.9349
-64.9349
-64.9349
-64.9349
-64.9349
-64.9349
-64.9349
-64.9349
-64.9349
-64.9349
-64.9349
-64.9349
-64.9349
-64.9349
-64.9349
-64.9349
-64.9349
-64.9349
-64.9349
-64.9349
-64.935
-64.935
-64.935
-64.935
-64.935
-64.935
-64.935
-64.935
-64.935
-64.935
-64.935
-64.935
-64.935
-64.935
-64.935
-64.935
-64.935
-64.935
-64.935
-64.935
-64.935
-64.935
-64.935
-64.935
-64.935
-64.935
-64.935
-64.935
-64.935
-64.935
-64.935
-64.9351
-64.9351
-64.9351
-64.9351
-64.9351
-64.9351
-64.9351
-64.9351
-64.9351
-64.9351
-64.9351
-64.9351
-64.9351
-64.9351
-64.9351
-64.9351
-64.9351
-64.9351
-64.9351
-64.9351
-64.9351
-64.9351
-64.9351
-64.9351
-64.9351
-64.9351
-64.9351
-64.9351
-64.9351
-64.9351
-64.9351
-64.9351
-64.9351
-64.9351
-64.9351
-64.9351
-64.9351
-64.9351
-64.9351
-64.9351
-64.9351
-64.9351
-64.9351
-64.9351
-64.9351
-64.9351
-64.9351
-64.9351
-64.9351
-64.9351
-64.9351
-64.9351
-64.9351
-64.9351
-64.9351
-64.9351
-64.9351
-64.9351
-64.9351
-64.9351
-64.9351
-64.9351
-64.9351
-64.9351
-64.9351
-64.9351
-64.9351
-64.9351
-64.9351
-64.9351
-64.9351
-64.9351
-64.9351
-64.9351
-64.9351
-64.9351
-64.9351
-64.9351
-64.9351
-64.9351
-64.9351
-64.9351
-64.9351
-64.9351
-64.9351
-64.9351
-64.9351
-64.935
-64.935
-64.935
-64.935
-64.935
-64.935
-64.935
-64.935
-64.935
-64.935
-64.935
-64.935
-64.935
-64.935
-64.935
-64.935
-64.935
-64.935
-64.935
-64.935
-64.935
-64.935
-64.9349
-64.9349
-64.9349
-64.9349
-64.9349
-64.9349
-64.9349
-64.9349
-64.9349
-64.9349
-64.9349
-64.9349
-64.9349
-64.9349
-64.9349
-64.9349
-64.9349
-64.9348
-64.9348
-64.9348
-64.9348
-64.9348
-64.9348
-64.9348
-64.9348
-64.9348
-64.9348
-64.9348
-64.9348
-64.9348
-64.9348
-64.9348
-64.9348
-64.9347
-64.9347
-64.9347
-64.9347
-64.9347
-64.9347
-64.9347
-64.9347
-64.9347
-64.9347
-64.9347
-64.9347
-64.9347
-64.9347
-64.9346
-64.9346
-64.9346
-64.9346
-64.9346
-64.9346
-64.9346
-64.9346
-64.9346
-64.9346
-64.9346
-64.9346
-64.9346
-64.9346
-64.9345
-64.9345
-64.9345
-64.9345
-64.9345
-64.9345
-64.9345
-64.9345
-64.9345
-64.9345
-64.9345
-64.9345
-64.9345
-64.9345
-64.9344
-64.9344
-64.9344
-64.9344
-64.9344
-64.9344
-64.9344
-64.9344
-64.9344
-64.9344
-64.9344
-64.9344
-64.9344
-64.9343
-64.9343
-64.9343
-64.9343
-64.9343
-64.9343
-64.9343
-64.9343
-64.9343
-64.9343
-64.9343
-64.9343
-64.9343
-64.9343
-64.9342
-64.9342
-64.9342
-64.9342
-64.9342
-64.9342
-64.9342
-64.9342
-64.9342
-64.9342
-64.9342
-64.9342
-64.9342
-64.9342
-64.9341
-64.9341
-64.9341
-64.9341
-64.9341
-64.9341
-64.9341
-64.9341
-64.9341
-64.9341
-64.9341
-64.9341
-64.9341
-64.9341
-64.934
-64.934
-64.934
-64.934
-64.934
-64.934
-64.934
-64.934
-64.934
-64.934
-64.934
-64.934
-64.934
-64.934
-64.9339
-64.9339
-64.9339
-64.9339
-64.9339
-64.9339
-64.9339
-64.9339
-64.9339
-64.9339
-64.9339
-64.9339
-64.9339
-64.9339
-64.9339
-64.9338
-64.9338
-64.9338
-64.9338
-64.9338
-64.9338
-64.9338
-64.9338
-64.9338
-64.9338
-64.9338
-64.9338
-64.9338
-64.9338
-64.9338
-64.9337
-64.9337
-64.9337
-64.9337
-64.9337
-64.9337
-64.9337
-64.9337
-64.9337
-64.9337
-64.9337
-64.9337
-64.9337
-64.9337
-64.9337
-64.9337
-64.9337
-64.9336
-64.9336
-64.9336
-64.9336
-64.9336
-64.9336
-64.9336
-64.9336
-64.9336
-64.9336
-64.9336
-64.9336
-64.9336
-64.9336
-64.9336
-64.9336
-64.9336
-64.9336
-64.9335
-64.9335
-64.9335
-64.9335
-64.9335
-64.9335
-64.9335
-64.9335
-64.9335
-64.9335
-64.9335
-64.9335
-64.9335
-64.9335
-64.9335
-64.9335
-64.9335
-64.9335
-64.9335
-64.9334
-64.9334
-64.9334
-64.9334
-64.9334
-64.9334
-64.9334
-64.9334
-64.9334
-64.9334
-64.9334
-64.9334
-64.9334
-64.9334
-64.9334
-64.9334
-64.9334
-64.9334
-64.9334
-64.9334
-64.9334
-64.9334
-64.9333
-64.9333
-64.9333
-64.9333
-64.9333
-64.9333
-64.9333
-64.9333
-64.9333
-64.9333
-64.9333
-64.9333
-64.9333
-64.9333
-64.9333
-64.9333
-64.9333
-64.9333
-64.9333
-64.9333
-64.9333
-64.9333
-64.9333
-64.9333
-64.9333
-64.9332
-64.9332
-64.9332
-64.9332
-64.9332
-64.9332
-64.9332
-64.9332
-64.9332
-64.9332
-64.9332
-64.9332
-64.9332
-64.9332
-64.9332
-64.9332
-64.9332
-64.9332
-64.9332
-64.9332
-64.9332
-64.9332
-64.9332
-64.9332
-64.9332
-64.9332
-64.9332
-64.9332
-64.9332
-64.9332
-64.9332
-64.9331
-64.9331
-64.9331
-64.9331
-64.9331
-64.9331
-64.9331
-64.9331
-64.9331
-64.9331
-64.9331
-64.9331
-64.9331
-64.9331
-64.9331
-64.9331
-64.9331
-64.9331
-64.9331
-64.9331
-64.9331
-64.9331
-64.9331
-64.9331
-64.9331
-64.9331
-64.9331
-64.9331
-64.9331
-64.9331
-64.9331
-64.9331
-64.9331
-64.9331
-64.9331
-64.9331
-64.9331
-64.9331
-64.9331
-64.9331
-64.9331
-64.9331
-64.9331
-64.9331
-64.9331
-64.9331
-64.9331
-64.9331
-64.9331
-64.9331
-64.933
-64.933
-64.933
-64.933
-64.933
-64.933
-64.933
-64.933
-64.933
-64.933
-64.933
-64.933
-64.933
-64.933
-64.933
-64.933
-64.933
-64.933
-64.933
-64.933
-64.933
-64.933
-64.933
-64.933
-64.933
-64.933
-64.933
-64.933
-64.933
-64.933
-64.933
-64.933
-64.933
-64.933
-64.933
-64.933
-64.933
-64.933
-64.933
-64.933
-64.933
-64.933
-64.933
-64.933
-64.933
-64.933
-64.933
-64.933
-64.933
-64.933
-64.933
-64.933
-64.933
-64.933
-64.933
-64.933
-64.933
-64.933
-64.933
-64.933
-64.933
-64.933
-64.933
-64.933
-64.933
-64.933
-64.933
-64.933
-64.933
-64.933
-64.933
-64.933
-64.933
-64.933
-64.933
-64.933
-64.933
-64.933
-64.933
-64.933
-64.933
-64.933
-64.933
-64.933
-64.933
-64.933
-64.933
-64.933
-64.933
-64.933
-64.933
-64.933
-64.933
-64.933
-64.933
-64.933
-64.933
-64.933
-64.9331
-64.9331
-64.9331
-64.9331
-64.9331
-64.9331
-64.9331
-64.9331
-64.9331
-64.9331
-64.9331
-64.9331
-64.9331
-64.9331
-64.9331
-64.9331
-64.9331
-64.9331
-64.9331
-64.9331
-64.9331
-64.9331
-64.9331
-64.9331
-64.9331
-64.9331
-64.9331
-64.9331
-64.9331
-64.9331
-64.9331
-64.9331
-64.9331
-64.9331
-64.9331
-64.9331
-64.9331
-64.9331
-64.9331
-64.9331
-64.9331
-64.9331
-64.9331
-64.9331
-64.9331
-64.9331
-64.9331
-64.9331
-64.9331
-64.9331
-64.9331
-64.9331
-64.9332
-64.9332
-64.9332
-64.9332
-64.9332
-64.9332
-64.9332
-64.9332
-64.9332
-64.9332
-64.9332
-64.9332
-64.9332
-64.9332
-64.9332
-64.9332
-64.9332
-64.9332
-64.9332
-64.9332
-64.9332
-64.9332
-64.9332
-64.9332
-64.9332
-64.9332
-64.9332
-64.9332
-64.9332
-64.9332
-64.9332
-64.9332
-64.9332
-64.9332
-64.9333
-64.9333
-64.9333
-64.9333
-64.9333
-64.9333
-64.9333
-64.9333
-64.9333
-64.9333
-64.9333
-64.9333
-64.9333
-64.9333
-64.9333
-64.9333
-64.9333
-64.9333
-64.9333
-64.9333
-64.9333
-64.9333
-64.9333
-64.9333
-64.9333
-64.9333
-64.9333
-64.9334
-64.9334
-64.9334
-64.9334
-64.9334
-64.9334
-64.9334
-64.9334
-64.9334
-64.9334
-64.9334
-64.9334
-64.9334
-64.9334
-64.9334
-64.9334
-64.9334
-64.9334
-64.9334
-64.9334
-64.9334
-64.9334
-64.9334
-64.9334
-64.9335
-64.9335
-64.9335
-64.9335
-64.9335
-64.9335
-64.9335
-64.9335
-64.9335
-64.9335
-64.9335
-64.9335
-64.9335
-64.9335
-64.9335
-64.9335
-64.9335
-64.9335
-64.9335
-64.9335
-64.9335
-64.9335
-64.9336
-64.9336
-64.9336
-64.9336
-64.9336
-64.9336
-64.9336
-64.9336
-64.9336
-64.9336
-64.9336
-64.9336
-64.9336
-64.9336
-64.9336
-64.9336
-64.9336
-64.9336
-64.9336
-64.9336
-64.9337
-64.9337
-64.9337
-64.9337
-64.9337
-64.9337
-64.9337
-64.9337
-64.9337
-64.9337
-64.9337
-64.9337
-64.9337
-64.9337
-64.9337
-64.9337
-64.9337
-64.9337
-64.9338
-64.9338
-64.9338
-64.9338
-64.9338
-64.9338
-64.9338
-64.9338
-64.9338
-64.9338
-64.9338
-64.9338
-64.9338
-64.9338
-64.9338
-64.9338
-64.9338
-64.9338
-64.9339
-64.9339
-64.9339
-64.9339
-64.9339
-64.9339
-64.9339
-64.9339
-64.9339
-64.9339
-64.9339
-64.9339
-64.9339
-64.9339
-64.9339
-64.9339
-64.934
-64.934
-64.934
-64.934
-64.934
-64.934
-64.934
-64.934
-64.934
-64.934
-64.934
-64.934
-64.934
-64.934
-64.934
-64.934
-64.9341
-64.9341
-64.9341
-64.9341
-64.9341
-64.9341
-64.9341
-64.9341
-64.9341
-64.9341
-64.9341
-64.9341
-64.9341
-64.9341
-64.9341
-64.9342
-64.9342
-64.9342
-64.9342
-64.9342
-64.9342
-64.9342
-64.9342
-64.9342
-64.9342
-64.9342
-64.9342
-64.9342
-64.9342
-64.9342
-64.9343
-64.9343
-64.9343
-64.9343
-64.9343
-64.9343
-64.9343
-64.9343
-64.9343
-64.9343
-64.9343
-64.9343
-64.9343
-64.9343
-64.9344
-64.9344
-64.9344
-64.9344
-64.9344
-64.9344
-64.9344
-64.9344
-64.9344
-64.9344
-64.9344
-64.9344
-64.9344
-64.9344
-64.9345
-64.9345
-64.9345
-64.9345
-64.9345
-64.9345
-64.9345
-64.9345
-64.9345
-64.9345
-64.9345
-64.9345
-64.9345
-64.9345
-64.9346
-64.9346
-64.9346
-64.9346
-64.9346
-64.9346
-64.9346
-64.9346
-64.9346
-64.9346
-64.9346
-64.9346
-64.9346
-64.9347
-64.9347
-64.9347
-64.9347
-64.9347
-64.9347
-64.9347
-64.9347
-64.9347
-64.9347
-64.9347
-64.9347
-64.9347
-64.9348
-64.9348
-64.9348
-64.9348
-64.9348
-64.9348
-64.9348
-64.9348
-64.9348
-64.9348
-64.9348
-64.9348
-64.9349
-64.9349
-64.9349
-64.9349
-64.9349
-64.9349
-64.9349
-64.9349
-64.9349
-64.9349
-64.9349
-64.9349
-64.9349
-64.935
-64.935
-64.935
-64.935
-64.935
-64.935
-64.935
-64.935
-64.935
-64.935
-64.935
-64.935
-64.9351
-64.9351
-64.9351
-64.9351
-64.9351
-64.9351
-64.9351
-64.9351
-64.9351
-64.9351
-64.9351
-64.9351
-64.9352
-64.9352
-64.9352
-64.9352
-64.9352
-64.9352
-64.9352
-64.9352
-64.9352
-64.9352
-64.9352
-64.9353
-64.9353
-64.9353
-64.9353
-64.9353
-64.9353
-64.9353
-64.9353
-64.9353
-64.9353
-64.9353
-64.9353
-64.9354
-64.9354
-64.9354
-64.9354
-64.9354
-64.9354
-64.9354
-64.9354
-64.9354
-64.9354
-64.9354
-64.9355
-64.9355
-64.9355
-64.9355
-64.9355
-64.9355
-64.9355
-64.9355
-64.9355
-64.9355
-64.9355
-64.9355
-64.9356
-64.9356
-64.9356
-64.9356
-64.9356
-64.9356
-64.9356
-64.9356
-64.9356
-64.9356
-64.9356
-64.9357
-64.9357
-64.9357
-64.9357
-64.9357
-64.9357
-64.9357
-64.9357
-64.9357
-64.9357
-64.9357
-64.9358
-64.9358
-64.9358
-64.9358
-64.9358
-64.9358
-64.9358
-64.9358
-64.9358
-64.9358
-64.9359
-64.9359
-64.9359
-64.9359
-64.9359
-64.9359
-64.9359
-64.9359
-64.9359
-64.9359
-64.9359
-64.936
-64.936
-64.936
-64.936
-64.936
-64.936
-64.936
-64.936
-64.936
-64.936
-64.936
-64.9361
-64.9361
-64.9361
-64.9361
-64.9361
-64.9361
-64.9361
-64.9361
-64.9361
-64.9361
-64.9362
-64.9362
-64.9362
-64.9362
-64.9362
-64.9362
-64.9362
-64.9362
-64.9362
-64.9362
-64.9363
-64.9363
-64.9363
-64.9363
-64.9363
-64.9363
-64.9363
-64.9363
-64.9363
-64.9363
-64.9363
-64.9364
-64.9364
-64.9364
-64.9364
-64.9364
-64.9364
-64.9364
-64.9364
-64.9364
-64.9364
-64.9365
-64.9365
-64.9365
-64.9365
-64.9365
-64.9365
-64.9365
-64.9365
-64.9365
-64.9365
-64.9366
-64.9366
-64.9366
-64.9366
-64.9366
-64.9366
-64.9366
-64.9366
-64.9366
-64.9366
-64.9367
-64.9367
-64.9367
-64.9367
-64.9367
-64.9367
-64.9367
-64.9367
-64.9367
-64.9367
-64.9368
-64.9368
-64.9368
-64.9368
-64.9368
-64.9368
-64.9368
-64.9368
-64.9368
-64.9368
-64.9369
-64.9369
-64.9369
-64.9369
-64.9369
-64.9369
-64.9369
-64.9369
-64.9369
-64.937
-64.937
-64.937
-64.937
-64.937
-64.937
-64.937
-64.937
-64.937
-64.937
-64.9371
-64.9371
-64.9371
-64.9371
-64.9371
-64.9371
-64.9371
-64.9371
-64.9371
-64.9371
-64.9372
-64.9372
-64.9372
-64.9372
-64.9372
-64.9372
-64.9372
-64.9372
-64.9372
-64.9373
-64.9373
-64.9373
-64.9373
-64.9373
-64.9373
-64.9373
-64.9373
-64.9373
-64.9373
-64.9374
-64.9374
-64.9374
-64.9374
-64.9374
-64.9374
-64.9374
-64.9374
-64.9374
-64.9375
-64.9375
-64.9375
-64.9375
-64.9375
-64.9375
-64.9375
-64.9375
-64.9375
-64.9376
-64.9376
-64.9376
-64.9376
-64.9376
-64.9376
-64.9376
-64.9376
-64.9376
-64.9376
-64.9377
-64.9377
-64.9377
-64.9377
-64.9377
-64.9377
-64.9377
-64.9377
-64.9377
-64.9378
-64.9378
-64.9378
-64.9378
-64.9378
-64.9378
-64.9378
-64.9378
-64.9378
-64.9379
-64.9379
-64.9379
-64.9379
-64.9379
-64.9379
-64.9379
-64.9379
-64.9379
-64.938
-64.938
-64.938
-64.938
-64.938
-64.938
-64.938
-64.938
-64.938
-64.9381
-64.9381
-64.9381
-64.9381
-64.9381
-64.9381
-64.9381
-64.9381
-64.9381
-64.9382
-64.9382
-64.9382
-64.9382
-64.9382
-64.9382
-64.9382
-64.9382
-64.9382
-64.9383
-64.9383
-64.9383
-64.9383
-64.9383
-64.9383
-64.9383
-64.9383
-64.9383
-64.9384
-64.9384
-64.9384
-64.9384
-64.9384
-64.9384
-64.9384
-64.9384
-64.9384
-64.9385
-64.9385
-64.9385
-64.9385
-64.9385
-64.9385
-64.9385
-64.9385
-64.9385
-64.9386
-64.9386
-64.9386
-64.9386
-64.9386
-64.9386
-64.9386
-64.9386
-64.9386
-64.9387
-64.9387
-64.9387
-64.9387
-64.9387
-64.9387
-64.9387
-64.9387
-64.9388
-64.9388
-64.9388
-64.9388
-64.9388
-64.9388
-64.9388
-64.9388
-64.9388
-64.9389
-64.9389
-64.9389
-64.9389
-64.9389
-64.9389
-64.9389
-64.9389
-64.9389
-64.939
-64.939
-64.939
-64.939
-64.939
-64.939
-64.939
-64.939
-64.9391
-64.9391
-64.9391
-64.9391
-64.9391
-64.9391
-64.9391
-64.9391
-64.9391
-64.9392
-64.9392
-64.9392
-64.9392
-64.9392
-64.9392
-64.9392
-64.9392
-64.9392
-64.9393
-64.9393
-64.9393
-64.9393
-64.9393
-64.9393
-64.9393
-64.9393
-64.9394
-64.9394
-64.9394
-64.9394
-64.9394
-64.9394
-64.9394
-64.9394
-64.9394
-64.9395
-64.9395
-64.9395
-64.9395
-64.9395
-64.9395
-64.9395
-64.9395
-64.9396
-64.9396
-64.9396
-64.9396
-64.9396
-64.9396
-64.9396
-64.9396
-64.9397
-64.9397
-64.9397
-64.9397
-64.9397
-64.9397
-64.9397
-64.9397
-64.9397
-64.9398
-64.9398
-64.9398
-64.9398
-64.9398
-64.9398
-64.9398
-64.9398
-64.9399
-64.9399
-64.9399
-64.9399
-64.9399
-64.9399
-64.9399
-64.9399
-64.94
-64.94
-64.94
-64.94
-64.94
-64.94
-64.94
-64.94
-64.94
-64.9401
-64.9401
-64.9401
-64.9401
-64.9401
-64.9401
-64.9401
-64.9401
-64.9402
-64.9402
-64.9402
-64.9402
-64.9402
-64.9402
-64.9402
-64.9402
-64.9403
-64.9403
-64.9403
-64.9403
-64.9403
-64.9403
-64.9403
-64.9403
-64.9404
-64.9404
-64.9404
-64.9404
-64.9404
-64.9404
-64.9404
-64.9404
-64.9405
-64.9405
-64.9405
-64.9405
-64.9405
-64.9405
-64.9405
-64.9405
-64.9405
-64.9406
-64.9406
-64.9406
-64.9406
-64.9406
-64.9406
-64.9406
-64.9406
-64.9407
-64.9407
-64.9407
-64.9407
-64.9407
-64.9407
-64.9407
-64.9407
-64.9408
-64.9408
-64.9408
-64.9408
-64.9408
-64.9408
-64.9408
-64.9408
-64.9409
-64.9409
-64.9409
-64.9409
-64.9409
-64.9409
-64.9409
-64.9409
-64.941
-64.941
-64.941
-64.941
-64.941
-64.941
-64.941
-64.941
-64.9411
-64.9411
-64.9411
-64.9411
-64.9411
-64.9411
-64.9411
-64.9411
-64.9412
-64.9412
-64.9412
-64.9412
-64.9412
-64.9412
-64.9412
-64.9412
-64.9413
-64.9413
-64.9413
-64.9413
-64.9413
-64.9413
-64.9413
-64.9413
-64.9414
-64.9414
-64.9414
-64.9414
-64.9414
-64.9414
-64.9414
-64.9414
-64.9415
-64.9415
-64.9415
-64.9415
-64.9415
-64.9415
-64.9415
-64.9415
-64.9416
-64.9416
-64.9416
-64.9416
-64.9416
-64.9416
-64.9416
-64.9417
-64.9417
-64.9417
-64.9417
-64.9417
-64.9417
-64.9417
-64.9417
-64.9418
-64.9418
-64.9418
-64.9418
-64.9418
-64.9418
-64.9418
-64.9418
-64.9419
-64.9419
-64.9419
-64.9419
-64.9419
-64.9419
-64.9419
-64.9419
-64.942
-64.942
-64.942
-64.942
-64.942
-64.942
-64.942
-64.942
-64.9421
-64.9421
-64.9421
-64.9421
-64.9421
-64.9421
-64.9421
-64.9421
-64.9422
-64.9422
-64.9422
-64.9422
-64.9422
-64.9422
-64.9422
-64.9423
-64.9423
-64.9423
-64.9423
-64.9423
-64.9423
-64.9423
-64.9423
-64.9424
-64.9424
-64.9424
-64.9424
-64.9424
-64.9424
-64.9424
-64.9424
-64.9425
-64.9425
-64.9425
-64.9425
-64.9425
-64.9425
-64.9425
-64.9425
-64.9426
-64.9426
-64.9426
-64.9426
-64.9426
-64.9426
-64.9426
-64.9427
-64.9427
-64.9427
-64.9427
-64.9427
-64.9427
-64.9427
-64.9427
-64.9428
-64.9428
-64.9428
-64.9428
-64.9428
-64.9428
-64.9428
-64.9428
-64.9429
-64.9429
-64.9429
-64.9429
-64.9429
-64.9429
-64.9429
-64.9429
-64.943
-64.943
-64.943
-64.943
-64.943
-64.943
-64.943
-64.9431
-64.9431
-64.9431
-64.9431
-64.9431
-64.9431
-64.9431
-64.9431
-64.9432
-64.9432
-64.9432
-64.9432
-64.9432
-64.9432
-64.9432
-64.9432
-64.9433
-64.9433
-64.9433
-64.9433
-64.9433
-64.9433
-64.9433
-64.9434
-64.9434
-64.9434
-64.9434
-64.9434
-64.9434
-64.9434
-64.9434
-64.9435
-64.9435
-64.9435
-64.9435
-64.9435
-64.9435
-64.9435
-64.9436
-64.9436
-64.9436
-64.9436
-64.9436
-64.9436
-64.9436
-64.9436
-64.9437
-64.9437
-64.9437
-64.9437
-64.9437
-64.9437
-64.9437
-64.9437
-64.9438
-64.9438
-64.9438
-64.9438
-64.9438
-64.9438
-64.9438
-64.9439
-64.9439
-64.9439
-64.9439
-64.9439
-64.9439
-64.9439
-64.9439
-64.944
-64.944
-64.944
-64.944
-64.944
-64.944
-64.944
-64.9441
-64.9441
-64.9441
-64.9441
-64.9441
-64.9441
-64.9441
-64.9441
-64.9442
-64.9442
-64.9442
-64.9442
-64.9442
-64.9442
-64.9442
-64.9442
-64.9443
-64.9443
-64.9443
-64.9443
-64.9443
-64.9443
-64.9443
-64.9444
-64.9444
-64.9444
-64.9444
-64.9444
-64.9444
-64.9444
-64.9444
-64.9445
-64.9445
-64.9445
-64.9445
-64.9445
-64.9445
-64.9445
-64.9446
-64.9446
-64.9446
-64.9446
-64.9446
-64.9446
-64.9446
-64.9446
-64.9447
-64.9447
-64.9447
-64.9447
-64.9447
-64.9447
-64.9447
-64.9448
-64.9448
-64.9448
-64.9448
-64.9448
-64.9448
-64.9448
-64.9448
-64.9449
-64.9449
-64.9449
-64.9449
-64.9449
-64.9449
-64.9449
-64.945
-64.945
-64.945
-64.945
-64.945
-64.945
-64.945
-64.945
-64.9451
-64.9451
-64.9451
-64.9451
-64.9451
-64.9451
-64.9451
-64.9452
-64.9452
-64.9452
-64.9452
-64.9452
-64.9452
-64.9452
-64.9452
-64.9453
-64.9453
-64.9453
-64.9453
-64.9453
-64.9453
-64.9453
-64.9454
-64.9454
-64.9454
-64.9454
-64.9454
-64.9454
-64.9454
-64.9454
-64.9455
-64.9455
-64.9455
-64.9455
-64.9455
-64.9455
-64.9455
-64.9456
-64.9456
-64.9456
-64.9456
-64.9456
-64.9456
-64.9456
-64.9456
-64.9457
-64.9457
-64.9457
-64.9457
-64.9457
-64.9457
-64.9457
-64.9458
-64.9458
-64.9458
-64.9458
-64.9458
-64.9458
-64.9458
-64.9458
-64.9459
-64.9459
-64.9459
-64.9459
-64.9459
-64.9459
-64.9459
-64.946
-64.946
-64.946
-64.946
-64.946
-64.946
-64.946
-64.946
-64.9461
-64.9461
-64.9461
-64.9461
-64.9461
-64.9461
-64.9461
-64.9462
-64.9462
-64.9462
-64.9462
-64.9462
-64.9462
-64.9462
-64.9463
-64.9463
-64.9463
-64.9463
-64.9463
-64.9463
-64.9463
-64.9463
-64.9464
-64.9464
-64.9464
-64.9464
-64.9464
-64.9464
-64.9464
-64.9465
-64.9465
-64.9465
-64.9465
-64.9465
-64.9465
-64.9465
-64.9465
-64.9466
-64.9466
-64.9466
-64.9466
-64.9466
-64.9466
-64.9466
-64.9467
-64.9467
-64.9467
-64.9467
-64.9467
-64.9467
-64.9467
-64.9467
-64.9468
-64.9468
-64.9468
-64.9468
-64.9468
-64.9468
-64.9468
-64.9469
-64.9469
-64.9469
-64.9469
-64.9469
-64.9469
-64.9469
-64.947
-64.947
-64.947
-64.947
-64.947
-64.947
-64.947
-64.947
-64.9471
-64.9471
-64.9471
-64.9471
-64.9471
-64.9471
-64.9471
-64.9472
-64.9472
-64.9472
-64.9472
-64.9472
-64.9472
-64.9472
-64.9472
-64.9473
-64.9473
-64.9473
-64.9473
-64.9473
-64.9473
-64.9473
-64.9474
-64.9474
-64.9474
-64.9474
-64.9474
-64.9474
-64.9474
-64.9475
-64.9475
-64.9475
-64.9475
-64.9475
-64.9475
-64.9475
-64.9475
-64.9476
-64.9476
-64.9476
-64.9476
-64.9476
-64.9476
-64.9476
-64.9477
-64.9477
-64.9477
-64.9477
-64.9477
-64.9477
-64.9477
-64.9478
-64.9478
-64.9478
-64.9478
-64.9478
-64.9478
-64.9478
-64.9478
-64.9479
-64.9479
-64.9479
-64.9479
-64.9479
-64.9479
-64.9479
-64.948
-64.948
-64.948
-64.948
-64.948
-64.948
-64.948
-64.948
-64.9481
-64.9481
-64.9481
-64.9481
-64.9481
-64.9481
-64.9481
-64.9482
-64.9482
-64.9482
-64.9482
-64.9482
-64.9482
-64.9482
-64.9483
-64.9483
-64.9483
-64.9483
-64.9483
-64.9483
-64.9483
-64.9483
-64.9484
-64.9484
-64.9484
-64.9484
-64.9484
-64.9484
-64.9484
-64.9485
-64.9485
-64.9485
-64.9485
-64.9485
-64.9485
-64.9485
-64.9486
-64.9486
-64.9486
-64.9486
-64.9486
-64.9486
-64.9486
-64.9486
-64.9487
-64.9487
-64.9487
-64.9487
-64.9487
-64.9487
-64.9487
-64.9488
-64.9488
-64.9488
-64.9488
-64.9488
-64.9488
-64.9488
-64.9489
-64.9489
-64.9489
-64.9489
-64.9489
-64.9489
-64.9489
-64.9489
-64.949
-64.949
-64.949
-64.949
-64.949
-64.949
-64.949
-64.9491
-64.9491
-64.9491
-64.9491
-64.9491
-64.9491
-64.9491
-64.9491
-64.9492
-64.9492
-64.9492
-64.9492
-64.9492
-64.9492
-64.9492
-64.9493
-64.9493
-64.9493
-64.9493
-64.9493
-64.9493
-64.9493
-64.9494
-64.9494
-64.9494
-64.9494
-64.9494
-64.9494
-64.9494
-64.9494
-64.9495
-64.9495
-64.9495
-64.9495
-64.9495
-64.9495
-64.9495
-64.9496
-64.9496
-64.9496
-64.9496
-64.9496
-64.9496
-64.9496
-64.9497
-64.9497
-64.9497
-64.9497
-64.9497
-64.9497
-64.9497
-64.9497
-64.9498
-64.9498
-64.9498
-64.9498
-64.9498
-64.9498
-64.9498
-64.9499
-64.9499
-64.9499
-64.9499
-64.9499
-64.9499
-64.9499
-64.9499
-64.95
-64.95
-64.95
-64.95
-64.95
-64.95
-64.95
-64.9501
-64.9501
-64.9501
-64.9501
-64.9501
-64.9501
-64.9501
-64.9502
-64.9502
-64.9502
-64.9502
-64.9502
-64.9502
-64.9502
-64.9502
-64.9503
-64.9503
-64.9503
-64.9503
-64.9503
-64.9503
-64.9503
-64.9504
-64.9504
-64.9504
-64.9504
-64.9504
-64.9504
-64.9504
-64.9504
-64.9505
-64.9505
-64.9505
-64.9505
-64.9505
-64.9505
-64.9505
-64.9506
-64.9506
-64.9506
-64.9506
-64.9506
-64.9506
-64.9506
-64.9507
-64.9507
-64.9507
-64.9507
-64.9507
-64.9507
-64.9507
-64.9507
-64.9508
-64.9508
-64.9508
-64.9508
-64.9508
-64.9508
-64.9508
-64.9509
-64.9509
-64.9509
-64.9509
-64.9509
-64.9509
-64.9509
-64.9509
-64.951
-64.951
-64.951
-64.951
-64.951
-64.951
-64.951
-64.9511
-64.9511
-64.9511
-64.9511
-64.9511
-64.9511
-64.9511
-64.9511
-64.9512
-64.9512
-64.9512
-64.9512
-64.9512
-64.9512
-64.9512
-64.9513
-64.9513
-64.9513
-64.9513
-64.9513
-64.9513
-64.9513
-64.9514
-64.9514
-64.9514
-64.9514
-64.9514
-64.9514
-64.9514
-64.9514
-64.9515
-64.9515
-64.9515
-64.9515
-64.9515
-64.9515
-64.9515
-64.9516
-64.9516
-64.9516
-64.9516
-64.9516
-64.9516
-64.9516
-64.9516
-64.9517
-64.9517
-64.9517
-64.9517
-64.9517
-64.9517
-64.9517
-64.9518
-64.9518
-64.9518
-64.9518
-64.9518
-64.9518
-64.9518
-64.9518
-64.9519
-64.9519
-64.9519
-64.9519
-64.9519
-64.9519
-64.9519
-64.952
-64.952
-64.952
-64.952
-64.952
-64.952
-64.952
-64.952
-64.9521
-64.9521
-64.9521
-64.9521
-64.9521
-64.9521
-64.9521
-64.9522
-64.9522
-64.9522
-64.9522
-64.9522
-64.9522
-64.9522
-64.9522
-64.9523
-64.9523
-64.9523
-64.9523
-64.9523
-64.9523
-64.9523
-64.9524
-64.9524
-64.9524
-64.9524
-64.9524
-64.9524
-64.9524
-64.9524
-64.9525
-64.9525
-64.9525
-64.9525
-64.9525
-64.9525
-64.9525
-64.9526
-64.9526
-64.9526
-64.9526
-64.9526
-64.9526
-64.9526
-64.9526
-64.9527
-64.9527
-64.9527
-64.9527
-64.9527
-64.9527
-64.9527
-64.9528
-64.9528
-64.9528
-64.9528
-64.9528
-64.9528
-64.9528
-64.9528
-64.9529
-64.9529
-64.9529
-64.9529
-64.9529
-64.9529
-64.9529
-64.953
-64.953
-64.953
-64.953
-64.953
-64.953
-64.953
-64.953
-64.9531
-64.9531
-64.9531
-64.9531
-64.9531
-64.9531
-64.9531
-64.9532
-64.9532
-64.9532
-64.9532
-64.9532
-64.9532
-64.9532
-64.9532
-64.9533
-64.9533
-64.9533
-64.9533
-64.9533
-64.9533
-64.9533
-64.9534
-64.9534
-64.9534
-64.9534
-64.9534
-64.9534
-64.9534
-64.9534
-64.9535
-64.9535
-64.9535
-64.9535
-64.9535
-64.9535
-64.9535
-64.9535
-64.9536
-64.9536
-64.9536
-64.9536
-64.9536
-64.9536
-64.9536
-64.9537
-64.9537
-64.9537
-64.9537
-64.9537

