-65
-65
-65
-65
-65
-65
-65
-65
-65
-65
-65
-65
-65
-65
-65
-65
-65
-65
-65
-65
-65
-65
-65
-65
-65
-65
-65
-65
-65
-65
-65
-65
-65
-65
-65
-65
-65
-65
-65
-65
-65
-65
-65
-65
-65
-65
-65
-65
-65
-65
-65
-65
-65
-65
-65
-65
-65
-65
-65
-65
-65
-65
-64.9995
-64.9987
-64.9976
-64.9962
-64.9945
-64.9925
-64.9903
-64.9879
-64.9852
-64.9823
-64.9792
-64.9758
-64.9723
-64.9686
-64.9647
-64.9607
-64.9564
-64.9521
-64.9475
-64.9429
-64.9381
-64.9331
-64.9281
-64.9229
-64.9176
-64.9123
-64.9068
-64.9012
-64.8956
-64.8898
-64.884
-64.8781
-64.8722
-64.8662
-64.8601
-64.854
-64.8478
-64.8416
-64.8354
-64.8291
-64.8227
-64.8164
-64.81
-64.8036
-64.7972
-64.7907
-64.7842
-64.7778
-64.7713
-64.7648
-64.7583
-64.7518
-64.7453
-64.7388
-64.7323
-64.7258
-64.7194
-64.7129
-64.7064
-64.7
-64.6936
-64.6872
-64.6808
-64.6744
-64.6681
-64.6618
-64.6555
-64.6492
-64.643
-64.6368
-64.6306
-64.6244
-64.6183
-64.6122
-64.6062
-64.6001
-64.5942
-64.5882
-64.5823
-64.5764
-64.5706
-64.5648
-64.559
-64.5533
-64.5476
-64.542
-64.5364
-64.5309
-64.5253
-64.5199
-64.5145
-64.5091
-64.5037
-64.4984
-64.4932
-64.488
-64.4828
-64.4777
-64.4726
-64.4676
-64.4626
-64.4577
-64.4528
-64.4479
-64.4431
-64.4384
-64.4337
-64.429
-64.4244
-64.4198
-64.4153
-64.4108
-64.4063
-64.4019
-64.3976
-64.3933
-64.3886
-64.3835
-64.3783
-64.3727
-64.367
-64.361
-64.3548
-64.3484
-64.3419
-64.3351
-64.3282
-64.3212
-64.3139
-64.3066
-64.2991
-64.2915
-64.2837
-64.2759
-64.2679
-64.2599
-64.2517
-64.2435
-64.2352
-64.2268
-64.2183
-64.2098
-64.2012
-64.1926
-64.184
-64.1752
-64.1665
-64.1577
-64.1489
-64.1401
-64.1313
-64.1224
-64.1135
-64.1046
-64.0958
-64.0869
-64.078
-64.0691
-64.0602
-64.0514
-64.0425
-64.0337
-64.0249
-64.0161
-64.0074
-63.9986
-63.9899
-63.9813
-63.9726
-63.964
-63.9554
-63.9469
-63.9384
-63.93
-63.9216
-63.9132
-63.9049
-63.8966
-63.8884
-63.8802
-63.8721
-63.864
-63.856
-63.8481
-63.8401
-63.8323
-63.8245
-63.8168
-63.8091
-63.8015
-63.7939
-63.7864
-63.779
-63.7716
-63.7643
-63.757
-63.7498
-63.7427
-63.7356
-63.7286
-63.7217
-63.7148
-63.708
-63.7012
-63.6945
-63.6879
-63.6814
-63.6749
-63.6684
-63.6621
-63.6558
-63.6495
-63.6434
-63.6373
-63.6312
-63.6252
-63.6193
-63.6135
-63.6077
-63.602
-63.5963
-63.5907
-63.5852
-63.5797
-63.5743
-63.569
-63.5637
-63.5585
-63.5533
-63.5482
-63.5432
-63.5382
-63.5333
-63.5285
-63.5237
-63.519
-63.5143
-63.5097
-63.5051
-63.5006
-63.4962
-63.4918
-63.4875
-63.4832
-63.479
-63.4749
-63.4708
-63.4667
-63.4627
-63.4588
-63.4549
-63.4511
-63.4473
-63.4436
-63.44
-63.4364
-63.4328
-63.4293
-63.4258
-63.4224
-63.4191
-63.4158
-63.4125
-63.4093
-63.4061
-63.403
-63.4
-63.397
-63.394
-63.3911
-63.3882
-63.3854
-63.3826
-63.3798
-63.3771
-63.3745
-63.3719
-63.3693
-63.3668
-63.3643
-63.3619
-63.3595
-63.3571
-63.3548
-63.3525
-63.3503
-63.3481
-63.346
-63.3438
-63.3418
-63.3397
-63.3377
-63.3358
-63.3338
-63.3319
-63.3301
-63.3283
-63.3265
-63.3247
-63.323
-63.3214
-63.3197
-63.3181
-63.3165
-63.315
-63.3135
-63.312
-63.3105
-63.3091
-63.3077
-63.3064
-63.3051
-63.3038
-63.3025
-63.3013
-63.3001
-63.2989
-63.2978
-63.2966
-63.2955
-63.2945
-63.2935
-63.2924
-63.2915
-63.2905
-63.2896
-63.2887
-63.2878
-63.287
-63.2861
-63.2853
-63.2846
-63.2838
-63.2831
-63.2824
-63.2817
-63.281
-63.2804
-63.2798
-63.2792
-63.2786
-63.2781
-63.2776
-63.277
-63.2766
-63.2761
-63.2757
-63.2752
-63.2748
-63.2745
-63.2741
-63.2738
-63.2734
-63.2731
-63.2729
-63.2726
-63.2723
-63.2721
-63.2719
-63.2717
-63.2715
-63.2714
-63.2712
-63.2711
-63.271
-63.2709
-63.2708
-63.2708
-63.2707
-63.2707
-63.2707
-63.2707
-63.2707
-63.2707
-63.2708
-63.2708
-63.2709
-63.271
-63.2711
-63.2712
-63.2713
-63.2715
-63.2716
-63.2718
-63.272
-63.2722
-63.2724
-63.2726
-63.2729
-63.2731
-63.2734
-63.2736
-63.2739
-63.2742
-63.2745
-63.2748
-63.2752
-63.2755
-63.2758
-63.2762
-63.2766
-63.2769
-63.2773
-63.2777
-63.2782
-63.2786
-63.279
-63.2794
-63.2799
-63.2803
-63.2808
-63.2813
-63.2818
-63.2823
-63.2828
-63.2833
-63.2838
-63.2843
-63.2849
-63.2854
-63.286
-63.2865
-63.2871
-63.2877
-63.2883
-63.2889
-63.2895
-63.2901
-63.2907
-63.2913
-63.292
-63.2926
-63.2932
-63.2939
-63.2945
-63.2952
-63.2959
-63.2966
-63.2972
-63.2979
-63.2986
-63.2993
-63.3
-63.3007
-63.3015
-63.3022
-63.3029
-63.3037
-63.3044
-63.3051
-63.3059
-63.3067
-63.3074
-63.3082
-63.309
-63.3097
-63.3105
-63.3113
-63.3121
-63.3129
-63.3137
-63.3145
-63.3153
-63.3161
-63.317
-63.3178
-63.3186
-63.3195
-63.3203
-63.3211
-63.322
-63.3228
-63.3237
-63.3245
-63.3254
-63.3263
-63.3271
-63.328
-63.3289
-63.3298
-63.3307
-63.3315
-63.3324
-63.3333
-63.3342
-63.3351
-63.336
-63.3369
-63.3378
-63.3388
-63.3397
-63.3406
-63.3415
-63.3424
-63.3434
-63.3443
-63.3452
-63.3462
-63.3471
-63.348
-63.349
-63.3499
-63.3509
-63.3518
-63.3528
-63.3537
-63.3547
-63.3556
-63.3566
-63.3576
-63.3585
-63.3595
-63.3605
-63.3614
-63.3624
-63.3634
-63.3644
-63.3653
-63.3663
-63.3673
-63.3683
-63.3693
-63.3703
-63.3713
-63.3722
-63.3732
-63.3742
-63.3752
-63.3762
-63.3772
-63.3782
-63.3792
-63.3802
-63.3812
-63.3822
-63.3833
-63.3843
-63.3853
-63.3863
-63.3873
-63.3883
-63.3893
-63.3903
-63.3914
-63.3924
-63.3934
-63.3944
-63.3954
-63.3965
-63.3975
-63.3985
-63.3995
-63.4006
-63.4016
-63.4026
-63.4037
-63.4047
-63.4057
-63.4068
-63.4078
-63.4088
-63.4099
-63.4109
-63.4119
-63.413
-63.414
-63.415
-63.4161
-63.4171
-63.4182
-63.4192
-63.4202
-63.4213
-63.4223
-63.4234
-63.4244
-63.4255
-63.4265
-63.4275
-63.4286
-63.4296
-63.4307
-63.4317
-63.4328
-63.4338
-63.4349
-63.4359
-63.437
-63.438
-63.4391
-63.4401
-63.4412
-63.4422
-63.4433
-63.4443
-63.4454
-63.4464
-63.4475
-63.4485
-63.4496
-63.4506
-63.4517
-63.4527
-63.4538
-63.4548
-63.4559
-63.4569
-63.458
-63.459
-63.4601
-63.4611
-63.4622
-63.4632
-63.4643
-63.4653
-63.4664
-63.4674
-63.4685
-63.4695
-63.4706
-63.4716
-63.4727
-63.4738
-63.4748
-63.4759
-63.4769
-63.478
-63.479
-63.4801
-63.4811
-63.4822
-63.4832
-63.4843
-63.4853
-63.4864
-63.4874
-63.4885
-63.4895
-63.4906
-63.4916
-63.4927
-63.4937
-63.4948
-63.4958
-63.4969
-63.4979
-63.499
-63.5
-63.5011
-63.5021
-63.5031
-63.5042
-63.5052
-63.5063
-63.5073
-63.5084
-63.5094
-63.5105
-63.5115
-63.5126
-63.5136
-63.5146
-63.5157
-63.5167
-63.5178
-63.5188
-63.5199
-63.5204
-63.5207
-63.5206
-63.5203
-63.5197
-63.5188
-63.5177
-63.5163
-63.5147
-63.5129
-63.5109
-63.5087
-63.5063
-63.5037
-63.501
-63.498
-63.4949
-63.4917
-63.4883
-63.4848
-63.4811
-63.4773
-63.4734
-63.4694
-63.4653
-63.461
-63.4567
-63.4523
-63.4478
-63.4432
-63.4386
-63.4339
-63.4291
-63.4242
-63.4193
-63.4144
-63.4094
-63.4043
-63.3992
-63.3941
-63.3889
-63.3837
-63.3785
-63.3733
-63.368
-63.3627
-63.3574
-63.3521
-63.3468
-63.3414
-63.3361
-63.3308
-63.3254
-63.3201
-63.3148
-63.3094
-63.3041
-63.2988
-63.2935
-63.2882
-63.283
-63.2777
-63.2725
-63.2673
-63.2621
-63.2569
-63.2518
-63.2466
-63.2415
-63.2365
-63.2314
-63.2264
-63.2214
-63.2165
-63.2116
-63.2067
-63.2018
-63.197
-63.1922
-63.1875
-63.1828
-63.1781
-63.1735
-63.1689
-63.1643
-63.1598
-63.1553
-63.1509
-63.1465
-63.1422
-63.1378
-63.1336
-63.1293
-63.1251
-63.121
-63.1169
-63.1128
-63.1088
-63.1048
-63.1009
-63.097
-63.0932
-63.0894
-63.0856
-63.0819
-63.0782
-63.0746
-63.071
-63.0675
-63.064
-63.0605
-63.0571
-63.0538
-63.0504
-63.0472
-63.0439
-63.0407
-63.0376
-63.0345
-63.0314
-63.0284
-63.0254
-63.0225
-63.0196
-63.0167
-63.0139
-63.0112
-63.0084
-63.0058
-63.0031
-63.0005
-62.9979
-62.9954
-62.9929
-62.9905
-62.9881
-62.9857
-62.9834
-62.9811
-62.9789
-62.9767
-62.9745
-62.9724
-62.9703
-62.9682
-62.9662
-62.9642
-62.9623
-62.9604
-62.9585
-62.9567
-62.9549
-62.9531
-62.9514
-62.9497
-62.948
-62.9464
-62.9448
-62.9432
-62.9417
-62.9402
-62.9387
-62.9373
-62.9359
-62.9346
-62.9332
-62.9319
-62.9306
-62.9294
-62.9282
-62.927
-62.9259
-62.9248
-62.9237
-62.9226
-62.9216
-62.9206
-62.9196
-62.9186
-62.9177
-62.9168
-62.916
-62.9151
-62.9143
-62.9135
-62.9128
-62.912
-62.9113
-62.9107
-62.91
-62.9094
-62.9088
-62.9082
-62.9076
-62.9071
-62.9066
-62.9061
-62.9056
-62.9052
-62.9048
-62.9044
-62.904
-62.9036
-62.9033
-62.903
-62.9027
-62.9025
-62.9022
-62.902
-62.9018
-62.9016
-62.9014
-62.9013
-62.9012
-62.901
-62.901
-62.9009
-62.9008
-62.9008
-62.9008
-62.9008
-62.9008
-62.9009
-62.9009
-62.901
-62.9011
-62.9012
-62.9013
-62.901
-62.9004
-62.8994
-62.8983
-62.8968
-62.8952
-62.8933
-62.8911
-62.8888
-62.8863
-62.8835
-62.8806
-62.8775
-62.8743
-62.8709
-62.8673
-62.8636
-62.8598
-62.8558
-62.8517
-62.8475
-62.8431
-62.8387
-62.8342
-62.8295
-62.8248
-62.82
-62.8152
-62.8102
-62.8052
-62.8001
-62.795
-62.7898
-62.7846
-62.7793
-62.774
-62.7686
-62.7632
-62.7578
-62.7524
-62.7469
-62.7414
-62.7359
-62.7304
-62.7249
-62.7193
-62.7138
-62.7083
-62.7027
-62.6972
-62.6916
-62.6861
-62.6806
-62.6751
-62.6696
-62.6641
-62.6586
-62.6532
-62.6477
-62.6423
-62.637
-62.6316
-62.6263
-62.621
-62.6157
-62.6104
-62.6052
-62.6
-62.5949
-62.5898
-62.5847
-62.5796
-62.5746
-62.5697
-62.5647
-62.5598
-62.555
-62.5502
-62.5454
-62.5407
-62.536
-62.5313
-62.5267
-62.5222
-62.5177
-62.5132
-62.5088
-62.5044
-62.5001
-62.4958
-62.4916
-62.4874
-62.4832
-62.4791
-62.4751
-62.4711
-62.4671
-62.4632
-62.4594
-62.4556
-62.4518
-62.4481
-62.4444
-62.4408
-62.4372
-62.4337
-62.4303
-62.4268
-62.4234
-62.4201
-62.4168
-62.4136
-62.4104
-62.4073
-62.4042
-62.4011
-62.3981
-62.3952
-62.3923
-62.3894
-62.3866
-62.3838
-62.3811
-62.3784
-62.3758
-62.3732
-62.3706
-62.3681
-62.3657
-62.3633
-62.3609
-62.3586
-62.3563
-62.3541
-62.3519
-62.3497
-62.3476
-62.3455
-62.3435
-62.3415
-62.3396
-62.3377
-62.3358
-62.334
-62.3322
-62.3305
-62.3288
-62.3271
-62.3255
-62.3239
-62.3223
-62.3208
-62.3193
-62.3179
-62.3165
-62.3151
-62.3138
-62.3125
-62.3112
-62.31
-62.3088
-62.3077
-62.3065
-62.3055
-62.3044
-62.3034
-62.3024
-62.3014
-62.3005
-62.2996
-62.2988
-62.2979
-62.2972
-62.2964
-62.2957
-62.295
-62.2943
-62.2936
-62.293
-62.2924
-62.2919
-62.2914
-62.2909
-62.2904
-62.2899
-62.2895
-62.2891
-62.2888
-62.2884
-62.2881
-62.2879
-62.2876
-62.2874
-62.2872
-62.287
-62.2868
-62.2867
-62.2866
-62.2865
-62.2864
-62.2864
-62.2864
-62.2864
-62.2864
-62.2865
-62.2865
-62.2866
-62.2868
-62.2869
-62.2871
-62.2872
-62.2875
-62.2877
-62.2879
-62.2882
-62.2885
-62.2888
-62.2891
-62.2894
-62.2898
-62.2902
-62.2906
-62.291
-62.2914
-62.2919
-62.2923
-62.2928
-62.2933
-62.2938
-62.2944
-62.2949
-62.2955
-62.2961
-62.2967
-62.2973
-62.2979
-62.2986
-62.2992
-62.2999
-62.3006
-62.3013
-62.3021
-62.3028
-62.3035
-62.3043
-62.3051
-62.3059
-62.3067
-62.3075
-62.3083
-62.3092
-62.31
-62.3109
-62.3118
-62.3122
-62.3123
-62.3122
-62.3118
-62.3111
-62.3102
-62.309
-62.3076
-62.3061
-62.3043
-62.3023
-62.3001
-62.2978
-62.2952
-62.2926
-62.2897
-62.2868
-62.2836
-62.2804
-62.277
-62.2735
-62.2699
-62.2662
-62.2624
-62.2585
-62.2545
-62.2504
-62.2462
-62.242
-62.2377
-62.2333
-62.2289
-62.2244
-62.2198
-62.2152
-62.2106
-62.2059
-62.2012
-62.1965
-62.1917
-62.1869
-62.1821
-62.1773
-62.1724
-62.1675
-62.1627
-62.1578
-62.1529
-62.148
-62.1431
-62.1382
-62.1333
-62.1284
-62.1236
-62.1187
-62.1138
-62.109
-62.1042
-62.0994
-62.0946
-62.0898
-62.0851
-62.0804
-62.0757
-62.071
-62.0664
-62.0618
-62.0572
-62.0526
-62.0481
-62.0436
-62.0392
-62.0347
-62.0304
-62.026
-62.0217
-62.0174
-62.0132
-62.009
-62.0048
-62.0007
-61.9967
-61.9926
-61.9886
-61.9847
-61.9808
-61.9769
-61.9731
-61.9693
-61.9656
-61.9619
-61.9583
-61.9547
-61.9511
-61.9476
-61.9441
-61.9407
-61.9373
-61.934
-61.9307
-61.9275
-61.9243
-61.9212
-61.9181
-61.915
-61.912
-61.9091
-61.9062
-61.9033
-61.9005
-61.8977
-61.895
-61.8923
-61.8896
-61.887
-61.8845
-61.882
-61.8795
-61.8771
-61.8747
-61.8724
-61.8701
-61.8679
-61.8657
-61.8635
-61.8614
-61.8594
-61.8573
-61.8554
-61.8534
-61.8515
-61.8497
-61.8479
-61.8461
-61.8444
-61.8427
-61.841
-61.8394
-61.8379
-61.8363
-61.8348
-61.8334
-61.832
-61.8306
-61.8293
-61.828
-61.8267
-61.8255
-61.8243
-61.8232
-61.8221
-61.821
-61.82
-61.819
-61.818
-61.8171
-61.8162
-61.8153
-61.8145
-61.8137
-61.8129
-61.8122
-61.8115
-61.8109
-61.8102
-61.8096
-61.8091
-61.8085
-61.808
-61.8076
-61.8071
-61.8067
-61.8063
-61.806
-61.8057
-61.8054
-61.8051
-61.8049
-61.8047
-61.8045
-61.8044
-61.8043
-61.8042
-61.8041
-61.8041
-61.804
-61.8041
-61.8041
-61.8042
-61.8043
-61.8044
-61.8041
-61.8035
-61.8026
-61.8014
-61.8001
-61.7985
-61.7967
-61.7946
-61.7924
-61.79
-61.7874
-61.7846
-61.7817
-61.7786
-61.7754
-61.772
-61.7685
-61.7649
-61.7611
-61.7572
-61.7532
-61.7492
-61.745
-61.7407
-61.7364
-61.7319
-61.7274
-61.7229
-61.7182
-61.7135
-61.7088
-61.704
-61.6991
-61.6942
-61.6893
-61.6843
-61.6793
-61.6743
-61.6693
-61.6642
-61.6591
-61.654
-61.6489
-61.6438
-61.6387
-61.6336
-61.6285
-61.6234
-61.6182
-61.6131
-61.608
-61.603
-61.5979
-61.5928
-61.5878
-61.5828
-61.5778
-61.5728
-61.5679
-61.563
-61.5581
-61.5532
-61.5484
-61.5436
-61.5388
-61.5341
-61.5294
-61.5247
-61.5201
-61.5155
-61.5109
-61.5064
-61.5019
-61.4975
-61.4931
-61.4888
-61.4844
-61.4802
-61.476
-61.4718
-61.4677
-61.4636
-61.4596
-61.4556
-61.4516
-61.4477
-61.4439
-61.4401
-61.4363
-61.4326
-61.429
-61.4254
-61.4218
-61.4183
-61.4149
-61.4115
-61.4081
-61.4048
-61.4016
-61.3984
-61.3952
-61.3921
-61.389
-61.386
-61.3831
-61.3802
-61.3773
-61.3745
-61.3717
-61.369
-61.3664
-61.3638
-61.3612
-61.3587
-61.3562
-61.3538
-61.3514
-61.3491
-61.3468
-61.3446
-61.3424
-61.3403
-61.3382
-61.3362
-61.3342
-61.3322
-61.3303
-61.3285
-61.3266
-61.3249
-61.3232
-61.3215
-61.3199
-61.3183
-61.3167
-61.3152
-61.3138
-61.3123
-61.311
-61.3096
-61.3083
-61.3071
-61.3059
-61.3047
-61.3036
-61.3025
-61.3015
-61.3005
-61.2995
-61.2986
-61.2977
-61.2968
-61.296
-61.2952
-61.2945
-61.2938
-61.2931
-61.2925
-61.2919
-61.2914
-61.2908
-61.2903
-61.2899
-61.2895
-61.2891
-61.2887
-61.2884
-61.2881
-61.2879
-61.2877
-61.2875
-61.2873
-61.2872
-61.2871
-61.2871
-61.287
-61.287
-61.2871
-61.2871
-61.2872
-61.2873
-61.2875
-61.2877
-61.2879
-61.2881
-61.2884
-61.2886
-61.289
-61.2893
-61.2897
-61.2901
-61.2905
-61.2909
-61.2914
-61.2919
-61.2924
-61.293
-61.2935
-61.2941
-61.2947
-61.2954
-61.296
-61.2967
-61.2974
-61.2982
-61.2989
-61.2997
-61.3005
-61.3013
-61.3021
-61.303
-61.3039
-61.3048
-61.3057
-61.3066
-61.3076
-61.3086
-61.3096
-61.3106
-61.3116
-61.3127
-61.3138
-61.3149
-61.316
-61.3171
-61.3182
-61.3194
-61.3206
-61.3218
-61.323
-61.3242
-61.3255
-61.3267
-61.328
-61.3293
-61.3306
-61.3319
-61.3333
-61.3346
-61.336
-61.3374
-61.3388
-61.3402
-61.3416
-61.343
-61.3445
-61.346
-61.3474
-61.3489
-61.3504
-61.3519
-61.3535
-61.355
-61.3566
-61.3581
-61.3597
-61.3613
-61.3629
-61.3645
-61.3661
-61.3678
-61.3694
-61.3711
-61.3727
-61.3744
-61.3761
-61.3778
-61.3795
-61.3812
-61.383
-61.3847
-61.3865
-61.3882
-61.39
-61.3918
-61.3935
-61.3953
-61.3971
-61.3989
-61.4008
-61.4026
-61.4044
-61.4063
-61.4081
-61.41
-61.4119
-61.4137
-61.4156
-61.4175
-61.4194
-61.4213
-61.4232
-61.4251
-61.4271
-61.429
-61.4309
-61.4329
-61.4348
-61.4368
-61.4388
-61.4407
-61.4427
-61.4447
-61.4467
-61.4487
-61.4507
-61.4527
-61.4547
-61.4567
-61.4587
-61.4608
-61.4628
-61.4649
-61.4669
-61.4689
-61.471
-61.4731
-61.4751
-61.4772
-61.4793
-61.4813
-61.4834
-61.4855
-61.4876
-61.4897
-61.4918
-61.4939
-61.496
-61.4981
-61.5002
-61.5023
-61.5045
-61.5066
-61.5087
-61.5109
-61.513
-61.5151
-61.5173
-61.5194
-61.5216
-61.5237
-61.5259
-61.528
-61.5302
-61.5324
-61.5345
-61.5367
-61.5389
-61.541
-61.5432
-61.5454
-61.5476
-61.5498
-61.552
-61.5541
-61.5563
-61.5585
-61.5607
-61.5629
-61.5651
-61.5673
-61.5695
-61.5717
-61.574
-61.5762
-61.5784
-61.5806
-61.5828
-61.585
-61.5872
-61.5895
-61.5917
-61.5939
-61.5961
-61.5984
-61.6006
-61.6028
-61.6051
-61.6073
-61.6095
-61.6118
-61.614
-61.6162
-61.6185
-61.6207
-61.623
-61.6252
-61.6274
-61.6297
-61.6319
-61.6342
-61.6364
-61.6387
-61.6409
-61.6432
-61.6454
-61.6477
-61.6499
-61.6522
-61.6544
-61.6567
-61.6589
-61.6612
-61.6634
-61.6657
-61.668
-61.6702
-61.6725
-61.6747
-61.677
-61.6792
-61.6815
-61.6838
-61.686
-61.6883
-61.6905
-61.6928
-61.695
-61.6973
-61.6996
-61.7018
-61.7041
-61.7063
-61.7086
-61.7109
-61.7131
-61.7154
-61.7176
-61.7199
-61.7222
-61.7244
-61.7267
-61.7289
-61.7312
-61.7335
-61.7357
-61.738
-61.7402
-61.7425
-61.7447
-61.747
-61.7493
-61.7515
-61.7538
-61.756
-61.7583
-61.7605
-61.7628
-61.7651
-61.7673
-61.7696
-61.7718
-61.7741
-61.7763
-61.7786
-61.7808
-61.7831
-61.7853
-61.7876
-61.7898
-61.7921
-61.7943
-61.7966
-61.7988
-61.8011
-61.8033
-61.8055
-61.8078
-61.81
-61.8123
-61.8145
-61.8168
-61.819
-61.8212
-61.8235
-61.8257
-61.828
-61.8302
-61.8324
-61.8347
-61.8369
-61.8391
-61.8414
-61.8436
-61.8458
-61.8481
-61.8503
-61.8525
-61.8547
-61.857
-61.8592
-61.8614
-61.8636
-61.8659
-61.8681
-61.8703
-61.8725
-61.8747
-61.877
-61.8792
-61.8814
-61.8836
-61.8858
-61.888
-61.8903
-61.8925
-61.8947
-61.8969
-61.8991
-61.9013
-61.9035
-61.9057
-61.9079
-61.9101
-61.9123
-61.9145
-61.9167
-61.9189
-61.9211
-61.9233
-61.9255
-61.9277
-61.9299
-61.9321
-61.9343
-61.9365
-61.9387
-61.9408
-61.943
-61.9452
-61.9474
-61.9496
-61.9518
-61.9539
-61.9561
-61.9583
-61.9605
-61.9627
-61.9648
-61.967
-61.9692
-61.9713
-61.9735
-61.9757
-61.9779
-61.98
-61.9822
-61.9844
-61.9865
-61.9887
-61.9908
-61.993
-61.9952
-61.9973
-61.9995
-62.0016
-62.0038
-62.0059
-62.0081
-62.0102
-62.0124
-62.0145
-62.0167
-62.0188
-62.0209
-62.0231
-62.0252
-62.0274
-62.0295
-62.0316
-62.0338
-62.0359
-62.038
-62.0402
-62.0423
-62.0444
-62.0466
-62.0487
-62.0508
-62.0529
-62.055
-62.0572
-62.0593
-62.0614
-62.0635
-62.0656
-62.0677
-62.0699
-62.072
-62.0741
-62.0762
-62.0783
-62.0804
-62.0825
-62.0846
-62.0867
-62.0888
-62.0909
-62.093
-62.0951
-62.0972
-62.0993
-62.1014
-62.1035
-62.1056
-62.1077
-62.1097
-62.1118
-62.1139
-62.116
-62.1181
-62.1202
-62.1222
-62.1243
-62.1264
-62.1285
-62.1305
-62.1326
-62.1347
-62.1367
-62.1388
-62.1409
-62.1429
-62.145
-62.1471
-62.1491
-62.1512
-62.1532
-62.1553
-62.1574
-62.1594
-62.1615
-62.1635
-62.1656
-62.1676
-62.1697
-62.1717
-62.1737
-62.1758
-62.1778
-62.1799
-62.1819
-62.1839
-62.186
-62.188
-62.1901
-62.1921
-62.1941
-62.1961
-62.1982
-62.2002
-62.2022
-62.2042
-62.2063
-62.2083
-62.2103
-62.2123
-62.2143
-62.2164
-62.2184
-62.2204
-62.2224
-62.2244
-62.2264
-62.2284
-62.2304
-62.2324
-62.2344
-62.2364
-62.2384
-62.2404
-62.2424
-62.2444
-62.2464
-62.2484
-62.2504
-62.2524
-62.2544
-62.2564
-62.2584
-62.2603
-62.2623
-62.2643
-62.2663
-62.2683
-62.2702
-62.2722
-62.2742
-62.2762
-62.2781
-62.2801
-62.2821
-62.284
-62.286
-62.288
-62.2899
-62.2919
-62.2939
-62.2958
-62.2978
-62.2997
-62.3017
-62.3036
-62.3056
-62.3075
-62.3095
-62.3114
-62.3134
-62.3153
-62.3173
-62.3192
-62.3212
-62.3231
-62.325
-62.327
-62.3289
-62.3309
-62.3328
-62.3347
-62.3367
-62.3386
-62.3405
-62.3424
-62.3444
-62.3463
-62.3482
-62.3501
-62.352
-62.354
-62.3559
-62.3578
-62.3597
-62.3616
-62.3635
-62.3654
-62.3674
-62.3693
-62.3712
-62.3731
-62.375
-62.3769
-62.3788
-62.3807
-62.3826
-62.3845
-62.3864
-62.3883
-62.3902
-62.392
-62.3939
-62.3958
-62.3977
-62.3996
-62.4015
-62.4034
-62.4052
-62.4071
-62.409
-62.4109
-62.4128
-62.4146
-62.4165
-62.4184
-62.4203
-62.4221
-62.424
-62.4259
-62.4277
-62.4296
-62.4314
-62.4333
-62.4352
-62.437
-62.4389
-62.4407
-62.4426
-62.4444
-62.4463
-62.4482
-62.45
-62.4518
-62.4537
-62.4555
-62.4574
-62.4592
-62.4611
-62.4629
-62.4647
-62.4666
-62.4684
-62.4703
-62.4721
-62.4739
-62.4758
-62.4776
-62.4794
-62.4812
-62.4831
-62.4849
-62.4867
-62.4885
-62.4903
-62.4922
-62.494
-62.4958
-62.4976
-62.4994
-62.5012
-62.5031
-62.5049
-62.5067
-62.5085
-62.5103
-62.5121
-62.5139
-62.5157
-62.5175
-62.5193
-62.5211
-62.5229
-62.5247
-62.5265
-62.5283
-62.5301
-62.5318
-62.5336
-62.5354
-62.5372
-62.539
-62.5408
-62.5426
-62.5443
-62.5461
-62.5479
-62.5497
-62.5515
-62.5532
-62.555
-62.5568
-62.5585
-62.5603
-62.5621
-62.5638
-62.5656
-62.5674
-62.5691
-62.5709
-62.5727
-62.5744
-62.5762
-62.5779
-62.5797
-62.5814
-62.5832
-62.5849
-62.5867
-62.5884
-62.5902
-62.5919
-62.5937
-62.5954
-62.5972
-62.5989
-62.6007
-62.6024
-62.6041
-62.6059
-62.6076
-62.6093
-62.6111
-62.6128
-62.6145
-62.6163
-62.618
-62.6197
-62.6214
-62.6232
-62.6249
-62.6266
-62.6283
-62.63
-62.6318
-62.6335
-62.6352
-62.6369
-62.6386
-62.6403
-62.642
-62.6437
-62.6454
-62.6472
-62.6489
-62.6506
-62.6523
-62.654
-62.6557
-62.6574
-62.6591
-62.6608
-62.6625
-62.6641
-62.6658
-62.6675
-62.6692
-62.6709
-62.6726
-62.6743
-62.676
-62.6777
-62.6793
-62.681
-62.6827
-62.6844
-62.6861
-62.6877
-62.6894
-62.6911
-62.6927
-62.6944
-62.6961
-62.6978
-62.6994
-62.7011
-62.7028
-62.7044
-62.7061
-62.7077
-62.7094
-62.7111
-62.7127
-62.7144
-62.716
-62.7177
-62.7193
-62.721
-62.7226
-62.7243
-62.7259
-62.7276
-62.7292
-62.7309
-62.7325
-62.7342
-62.7358
-62.7375
-62.7391
-62.7407
-62.7424
-62.744
-62.7456
-62.7473
-62.7489
-62.7505
-62.7522
-62.7538
-62.7554
-62.757
-62.7587
-62.7603
-62.7619
-62.7635
-62.7652
-62.7668
-62.7684
-62.77
-62.7716
-62.7732
-62.7748
-62.7765
-62.7781
-62.7797
-62.7813
-62.7829
-62.7845
-62.7861
-62.7877
-62.7893
-62.7909
-62.7925
-62.7941
-62.7957
-62.7973
-62.7989
-62.8005
-62.8021
-62.8037
-62.8053
-62.8069
-62.8084
-62.81
-62.8116
-62.8132
-62.8148
-62.8164
-62.8179
-62.8195
-62.8211
-62.8227
-62.8243
-62.8258
-62.8274
-62.829
-62.8306
-62.8321
-62.8337
-62.8353
-62.8368
-62.8384
-62.84
-62.8415
-62.8431
-62.8446
-62.8462
-62.8478
-62.8493
-62.8509
-62.8524
-62.854
-62.8555
-62.8571
-62.8587
-62.8602
-62.8618
-62.8633
-62.8648
-62.8664
-62.8679
-62.8695
-62.871
-62.8726
-62.8741
-62.8756
-62.8772
-62.8787
-62.8803
-62.8818
-62.8833
-62.8849
-62.8864
-62.8879
-62.8894
-62.891
-62.8925
-62.894
-62.8955
-62.8971
-62.8986
-62.9001
-62.9016
-62.9032
-62.9047
-62.9062
-62.9077
-62.9092
-62.9107
-62.9122
-62.9138
-62.9153
-62.9168
-62.9183
-62.9198
-62.9213
-62.9228
-62.9243
-62.9258
-62.9273
-62.9288
-62.9303
-62.9318
-62.9333
-62.9348
-62.9363
-62.9378
-62.9393
-62.9408
-62.9423
-62.9437
-62.9452
-62.9467
-62.9482
-62.9497
-62.9512
-62.9527
-62.9541
-62.9556
-62.9571
-62.9586
-62.9601
-62.9615
-62.963
-62.9645
-62.966
-62.9674
-62.9689
-62.9704
-62.9718
-62.9733
-62.9748
-62.9762
-62.9777
-62.9792
-62.9806
-62.9821
-62.9835
-62.985
-62.9865
-62.9879
-62.9894
-62.9908
-62.9923
-62.9937
-62.9952
-62.9966
-62.9981
-62.9995
-63.001
-63.0024
-63.0039
-63.0053
-63.0068
-63.0082
-63.0096
-63.0111
-63.0125
-63.014
-63.0154
-63.0168
-63.0183
-63.0197
-63.0211
-63.0226
-63.024
-63.0254
-63.0269
-63.0283
-63.0297
-63.0311
-63.0326
-63.034
-63.0354
-63.0368
-63.0382
-63.0397
-63.0411
-63.0425
-63.0439
-63.0453
-63.0467
-63.0482
-63.0496
-63.051
-63.0524
-63.0538
-63.0552
-63.0566
-63.058
-63.0594
-63.0608
-63.0622
-63.0636
-63.065
-63.0664
-63.0678
-63.0692
-63.0706
-63.072
-63.0734
-63.0748
-63.0762
-63.0776
-63.079
-63.0804
-63.0817
-63.0831
-63.0845
-63.0859
-63.0873
-63.0887
-63.09
-63.0914
-63.0928
-63.0942
-63.0956
-63.0969
-63.0983
-63.0997
-63.101
-63.1024
-63.1038
-63.1052
-63.1065
-63.1079
-63.1093
-63.1106
-63.112
-63.1134
-63.1147
-63.1161
-63.1174
-63.1188
-63.1202
-63.1215
-63.1229
-63.1242
-63.1256
-63.1269
-63.1283
-63.1296
-63.131
-63.1323
-63.1337
-63.135
-63.1364
-63.1377
-63.1391
-63.1404
-63.1417
-63.1431
-63.1444
-63.1458
-63.1471
-63.1484
-63.1498
-63.1511
-63.1524
-63.1538
-63.1551
-63.1564
-63.1578
-63.1591
-63.1604
-63.1617
-63.1631
-63.1644
-63.1657
-63.167
-63.1683
-63.1697
-63.171
-63.1723
-63.1736
-63.1749
-63.1763
-63.1776
-63.1789
-63.1802
-63.1815
-63.1828
-63.1841
-63.1854
-63.1867
-63.188
-63.1893
-63.1907
-63.192
-63.1933
-63.1946
-63.1959
-63.1972
-63.1985
-63.1998
-63.201
-63.2023
-63.2036
-63.2049
-63.2062
-63.2075
-63.2088
-63.2101
-63.2114
-63.2127
-63.214
-63.2152
-63.2165
-63.2178
-63.2191
-63.2204
-63.2217
-63.2229
-63.2242
-63.2255
-63.2268
-63.228
-63.2293
-63.2306
-63.2319
-63.2331
-63.2344
-63.2357
-63.237
-63.2382
-63.2395
-63.2408
-63.242
-63.2433
-63.2445
-63.2458
-63.2471
-63.2483
-63.2496
-63.2509
-63.2521
-63.2534
-63.2546
-63.2559
-63.2571
-63.2584
-63.2596
-63.2609
-63.2621
-63.2634
-63.2646
-63.2659
-63.2671
-63.2684
-63.2696
-63.2709
-63.2721
-63.2734
-63.2746
-63.2758
-63.2771
-63.2783
-63.2796
-63.2808
-63.282
-63.2833
-63.2845
-63.2857
-63.287
-63.2882
-63.2894
-63.2906
-63.2919
-63.2931
-63.2943
-63.2956
-63.2968
-63.298
-63.2992
-63.3005
-63.3017
-63.3029
-63.3041
-63.3053
-63.3065
-63.3078
-63.309
-63.3102
-63.3114
-63.3126
-63.3138
-63.315
-63.3163
-63.3175
-63.3187
-63.3199
-63.3211
-63.3223
-63.3235
-63.3247
-63.3259
-63.3271
-63.3283
-63.3295
-63.3307
-63.3319
-63.3331
-63.3343
-63.3355
-63.3367
-63.3379
-63.3391
-63.3403
-63.3415
-63.3427
-63.3439
-63.345
-63.3462
-63.3474
-63.3486
-63.3498
-63.351
-63.3522
-63.3533
-63.3545
-63.3557
-63.3569
-63.3581
-63.3592
-63.3604
-63.3616
-63.3628
-63.364
-63.3651
-63.3663
-63.3675
-63.3686
-63.3698
-63.371
-63.3722
-63.3733
-63.3745
-63.3757
-63.3768
-63.378
-63.3792
-63.3803
-63.3815
-63.3826
-63.3838
-63.385
-63.3861
-63.3873
-63.3884
-63.3896
-63.3908
-63.3919
-63.3931
-63.3942
-63.3954
-63.3965
-63.3977
-63.3988
-63.4
-63.4011
-63.4023
-63.4034
-63.4046
-63.4057
-63.4068
-63.408
-63.4091
-63.4103
-63.4114
-63.4126
-63.4137
-63.4148
-63.416
-63.4171
-63.4182
-63.4194
-63.4205
-63.4216
-63.4228
-63.4239
-63.425
-63.4262
-63.4273
-63.4284
-63.4296
-63.4307
-63.4318
-63.4329
-63.4341
-63.4352
-63.4363
-63.4374
-63.4385
-63.4397
-63.4408
-63.4419
-63.443
-63.4441
-63.4453
-63.4464
-63.4475
-63.4486
-63.4497
-63.4508
-63.4519
-63.453
-63.4542
-63.4553
-63.4564
-63.4575
-63.4586
-63.4597
-63.4608
-63.4619
-63.463
-63.4641
-63.4652
-63.4663
-63.4674
-63.4685
-63.4696
-63.4707
-63.4718
-63.4729
-63.474
-63.4751
-63.4762
-63.4773
-63.4784
-63.4795
-63.4805
-63.4816
-63.4827
-63.4838
-63.4849
-63.486
-63.4871
-63.4882
-63.4892
-63.4903
-63.4914
-63.4925
-63.4936
-63.4946
-63.4957
-63.4968
-63.4979
-63.499
-63.5
-63.5011
-63.5022
-63.5033
-63.5043
-63.5054
-63.5065
-63.5075
-63.5086
-63.5097
-63.5108
-63.5118
-63.5129
-63.514
-63.515
-63.5161
-63.5171
-63.5182
-63.5193
-63.5203
-63.5214
-63.5225
-63.5235
-63.5246
-63.5256
-63.5267
-63.5277
-63.5288
-63.5299
-63.5309
-63.532
-63.533
-63.5341
-63.5351
-63.5362
-63.5372
-63.5383
-63.5393
-63.5404
-63.5414
-63.5424
-63.5435
-63.5445
-63.5456
-63.5466
-63.5477
-63.5487
-63.5497
-63.5508
-63.5518
-63.5529
-63.5539
-63.5549
-63.556
-63.557
-63.558
-63.5591
-63.5601
-63.5611
-63.5622
-63.5632
-63.5642
-63.5653
-63.5663
-63.5673
-63.5683
-63.5694
-63.5704
-63.5714
-63.5724
-63.5735
-63.5745
-63.5755
-63.5765
-63.5775
-63.5786
-63.5796
-63.5806
-63.5816
-63.5826
-63.5836
-63.5847
-63.5857
-63.5867
-63.5877
-63.5887
-63.5897
-63.5907
-63.5917
-63.5928
-63.5938
-63.5948
-63.5958
-63.5968
-63.5978
-63.5988
-63.5998
-63.6008
-63.6018
-63.6028
-63.6038
-63.6048
-63.6058
-63.6068
-63.6078
-63.6088
-63.6098
-63.6108
-63.6118
-63.6128
-63.6138
-63.6148
-63.6158
-63.6167
-63.6177
-63.6187
-63.6197
-63.6207
-63.6217
-63.6227
-63.6237
-63.6247
-63.6256
-63.6266
-63.6276
-63.6286
-63.6296
-63.6305
-63.6315
-63.6325
-63.6335
-63.6345
-63.6354
-63.6364
-63.6374
-63.6384
-63.6394
-63.6403
-63.6413
-63.6423
-63.6432
-63.6442
-63.6452
-63.6462
-63.6471
-63.6481
-63.6491
-63.65
-63.651
-63.652
-63.6529
-63.6539
-63.6549
-63.6558
-63.6568
-63.6577
-63.6587
-63.6597
-63.6606
-63.6616
-63.6625
-63.6635
-63.6645
-63.6654
-63.6664
-63.6673
-63.6683
-63.6692
-63.6702
-63.6711
-63.6721
-63.673
-63.674
-63.6749
-63.6759
-63.6768
-63.6778
-63.6787
-63.6797
-63.6806
-63.6816
-63.6825
-63.6834
-63.6844
-63.6853
-63.6863
-63.6872
-63.6882
-63.6891
-63.69
-63.691
-63.6919
-63.6928
-63.6938
-63.6947
-63.6956
-63.6966
-63.6975
-63.6984
-63.6994
-63.7003
-63.7012
-63.7022
-63.7031
-63.704
-63.7049
-63.7059
-63.7068
-63.7077
-63.7087
-63.7096
-63.7105
-63.7114
-63.7123
-63.7133
-63.7142
-63.7151
-63.716
-63.7169
-63.7179
-63.7188
-63.7197
-63.7206
-63.7215
-63.7224
-63.7234
-63.7243
-63.7252
-63.7261
-63.727
-63.7279
-63.7288
-63.7297
-63.7306
-63.7316
-63.7325
-63.7334
-63.7343
-63.7352
-63.7361
-63.737
-63.7379
-63.7388
-63.7397
-63.7406
-63.7415
-63.7424
-63.7433
-63.7442
-63.7451
-63.746
-63.7469
-63.7478
-63.7487
-63.7496
-63.7505
-63.7514
-63.7523
-63.7532
-63.754
-63.7549
-63.7558
-63.7567
-63.7576
-63.7585
-63.7594
-63.7603
-63.7612
-63.762
-63.7629
-63.7638
-63.7647
-63.7656
-63.7665
-63.7674
-63.7682
-63.7691
-63.77
-63.7709
-63.7718
-63.7726
-63.7735
-63.7744
-63.7753
-63.7761
-63.777
-63.7779
-63.7788
-63.7796
-63.7805
-63.7814
-63.7822
-63.7831
-63.784
-63.7849
-63.7857
-63.7866
-63.7875
-63.7883
-63.7892
-63.7901
-63.7909
-63.7918
-63.7926
-63.7935
-63.7944
-63.7952
-63.7961
-63.7969
-63.7978
-63.7987
-63.7995
-63.8004
-63.8012
-63.8021
-63.8029
-63.8038
-63.8046
-63.8055
-63.8064
-63.8072
-63.8081
-63.8089
-63.8098
-63.8106
-63.8115
-63.8123
-63.8131
-63.814
-63.8148
-63.8157
-63.8165
-63.8174
-63.8182
-63.8191
-63.8199
-63.8207
-63.8216
-63.8224
-63.8233
-63.8241
-63.8249
-63.8258
-63.8266
-63.8274
-63.8283
-63.8291
-63.8299
-63.8308
-63.8316
-63.8324
-63.8333
-63.8341
-63.8349
-63.8358
-63.8366
-63.8374
-63.8382
-63.8391
-63.8399
-63.8407
-63.8415
-63.8424
-63.8432
-63.844
-63.8448
-63.8456
-63.8465
-63.8473
-63.8481
-63.8489
-63.8497
-63.8506
-63.8514
-63.8522
-63.853
-63.8538
-63.8546
-63.8554
-63.8562
-63.8571
-63.8579
-63.8587
-63.8595
-63.8603
-63.8611
-63.8619
-63.8627
-63.8635
-63.8643
-63.8651
-63.8659
-63.8667
-63.8675
-63.8683
-63.8691
-63.8699
-63.8707
-63.8715
-63.8723
-63.8731
-63.8739
-63.8747
-63.8755
-63.8763
-63.8771
-63.8779
-63.8787
-63.8795
-63.8803
-63.8811
-63.8819
-63.8827
-63.8835
-63.8842
-63.885
-63.8858
-63.8866
-63.8874
-63.8882
-63.889
-63.8897
-63.8905
-63.8913
-63.8921
-63.8929
-63.8937
-63.8944
-63.8952
-63.896
-63.8968
-63.8976
-63.8983
-63.8991
-63.8999
-63.9007
-63.9014
-63.9022
-63.903
-63.9038
-63.9045
-63.9053
-63.9061
-63.9069
-63.9076
-63.9084
-63.9092
-63.9099
-63.9107
-63.9115
-63.9122
-63.913
-63.9138
-63.9145
-63.9153
-63.9161
-63.9168
-63.9176
-63.9183
-63.9191
-63.9199
-63.9206
-63.9214
-63.9221
-63.9229
-63.9237
-63.9244
-63.9252
-63.9259
-63.9267
-63.9274
-63.9282
-63.929
-63.9297
-63.9305
-63.9312
-63.932
-63.9327
-63.9335
-63.9342
-63.935
-63.9357
-63.9365
-63.9372
-63.938
-63.9387
-63.9394
-63.9402
-63.9409
-63.9417
-63.9424
-63.9432
-63.9439
-63.9447
-63.9454
-63.9461
-63.9469
-63.9476
-63.9484
-63.9491
-63.9498
-63.9506
-63.9513
-63.952
-63.9528
-63.9535
-63.9542
-63.955
-63.9557
-63.9564
-63.9572
-63.9579
-63.9586
-63.9594
-63.9601
-63.9608
-63.9616
-63.9623
-63.963
-63.9637
-63.9645
-63.9652
-63.9659
-63.9667
-63.9674
-63.9681
-63.9688
-63.9696
-63.9703
-63.971
-63.9717
-63.9724
-63.9732
-63.9739
-63.9746
-63.9753
-63.976
-63.9768
-63.9775
-63.9782
-63.9789
-63.9796
-63.9803
-63.9811
-63.9818
-63.9825
-63.9832
-63.9839
-63.9846
-63.9853
-63.986
-63.9868
-63.9875
-63.9882
-63.9889
-63.9896
-63.9903
-63.991
-63.9917
-63.9924
-63.9931
-63.9938
-63.9945
-63.9952
-63.9959
-63.9966
-63.9973
-63.9981
-63.9988
-63.9995
-64.0002
-64.0009
-64.0016
-64.0023
-64.003
-64.0037
-64.0044
-64.005
-64.0057
-64.0064
-64.0071
-64.0078
-64.0085
-64.0092
-64.0099
-64.0106
-64.0113
-64.012
-64.0127
-64.0134
-64.0141
-64.0148
-64.0154
-64.0161
-64.0168
-64.0175
-64.0182
-64.0189
-64.0196
-64.0203
-64.0209
-64.0216
-64.0223
-64.023
-64.0237
-64.0244
-64.0251
-64.0257
-64.0264
-64.0271
-64.0278
-64.0285
-64.0291
-64.0298
-64.0305
-64.0312
-64.0319
-64.0325
-64.0332
-64.0339
-64.0346
-64.0352
-64.0359
-64.0366
-64.0373
-64.0379
-64.0386
-64.0393
-64.0399
-64.0406
-64.0413
-64.042
-64.0426
-64.0433
-64.044
-64.0446
-64.0453
-64.046
-64.0466
-64.0473
-64.048
-64.0486
-64.0493
-64.05
-64.0506
-64.0508
-64.0507
-64.0503
-64.0495
-64.0485
-64.0473
-64.0457
-64.044
-64.042
-64.0398
-64.0374
-64.0348
-64.0319
-64.0289
-64.0258
-64.0224
-64.0189
-64.0153
-64.0115
-64.0075
-64.0034
-63.9992
-63.9949
-63.9905
-63.9859
-63.9813
-63.9765
-63.9717
-63.9668
-63.9618
-63.9567
-63.9515
-63.9463
-63.9411
-63.9357
-63.9303
-63.9249
-63.9194
-63.9139
-63.9083
-63.9027
-63.8971
-63.8915
-63.8858
-63.8801
-63.8744
-63.8687
-63.8629
-63.8572
-63.8514
-63.8456
-63.8399
-63.8341
-63.8283
-63.8226
-63.8168
-63.8111
-63.8053
-63.7996
-63.7939
-63.7882
-63.7825
-63.7769
-63.7712
-63.7656
-63.76
-63.7545
-63.7489
-63.7434
-63.7379
-63.7324
-63.727
-63.7216
-63.7162
-63.7109
-63.7056
-63.7003
-63.6951
-63.6899
-63.6842
-63.6783
-63.6721
-63.6657
-63.659
-63.6521
-63.645
-63.6377
-63.6303
-63.6226
-63.6148
-63.6068
-63.5987
-63.5904
-63.582
-63.5735
-63.5648
-63.5561
-63.5472
-63.5383
-63.5292
-63.5201
-63.5109
-63.5017
-63.4923
-63.483
-63.4735
-63.4641
-63.4546
-63.445
-63.4355
-63.4259
-63.4162
-63.4066
-63.397
-63.3873
-63.3777
-63.368
-63.3584
-63.3487
-63.3391
-63.3295
-63.3199
-63.3103
-63.3007
-63.2912
-63.2817
-63.2722
-63.2628
-63.2534
-63.244
-63.2347
-63.2254
-63.2162
-63.207
-63.1978
-63.1887
-63.1797
-63.1707
-63.1618
-63.1529
-63.144
-63.1353
-63.1266
-63.1179
-63.1093
-63.1008
-63.0923
-63.0839
-63.0756
-63.0673
-63.0591
-63.051
-63.0429
-63.0349
-63.027
-63.0191
-63.0113
-63.0036
-62.996
-62.9884
-62.9809
-62.9735
-62.9661
-62.9588
-62.9516
-62.9444
-62.9374
-62.9304
-62.9234
-62.9166
-62.9098
-62.9031
-62.8965
-62.8899
-62.8834
-62.877
-62.8707
-62.8644
-62.8582
-62.8521
-62.846
-62.84
-62.8341
-62.8283
-62.8225
-62.8168
-62.8112
-62.8056
-62.8001
-62.7947
-62.7894
-62.7841
-62.7789
-62.7737
-62.7687
-62.7637
-62.7587
-62.7538
-62.749
-62.7443
-62.7396
-62.735
-62.7305
-62.726
-62.7216
-62.7172
-62.7129
-62.7087
-62.7046
-62.7005
-62.6964
-62.6924
-62.6885
-62.6847
-62.6809
-62.6771
-62.6735
-62.6698
-62.6663
-62.6628
-62.6593
-62.6559
-62.6526
-62.6493
-62.6461
-62.6429
-62.6398
-62.6367
-62.6337
-62.6308
-62.6278
-62.625
-62.6222
-62.6194
-62.6167
-62.6141
-62.6115
-62.6089
-62.6064
-62.604
-62.6016
-62.5992
-62.5969
-62.5946
-62.5924
-62.5902
-62.5881
-62.586
-62.584
-62.582
-62.58
-62.5781
-62.5762
-62.5744
-62.5726
-62.5709
-62.5691
-62.5675
-62.5659
-62.5643
-62.5627
-62.5612
-62.5597
-62.5583
-62.5569
-62.5556
-62.5542
-62.553
-62.5517
-62.5505
-62.5493
-62.5482
-62.5471
-62.546
-62.5449
-62.5439
-62.5429
-62.542
-62.5411
-62.5402
-62.5394
-62.5385
-62.5378
-62.537
-62.5363
-62.5356
-62.5349
-62.5343
-62.5337
-62.5331
-62.5325
-62.532
-62.5315
-62.531
-62.5306
-62.5302
-62.5298
-62.5294
-62.5291
-62.5288
-62.5285
-62.5282
-62.528
-62.5278
-62.5276
-62.5274
-62.5272
-62.5271
-62.527
-62.5269
-62.5269
-62.5269
-62.5268
-62.5269
-62.5269
-62.5269
-62.527
-62.5271
-62.5272
-62.5273
-62.5275
-62.5277
-62.5279
-62.5281
-62.5283
-62.5286
-62.5288
-62.5291
-62.5294
-62.5297
-62.5301
-62.5304
-62.5308
-62.5312
-62.5316
-62.532
-62.5324
-62.5329
-62.5333
-62.5338
-62.5343
-62.5348
-62.5354
-62.5359
-62.5365
-62.537
-62.5376
-62.5382
-62.5388
-62.5395
-62.5401
-62.5408
-62.5414
-62.5421
-62.5428
-62.5435
-62.5442
-62.545
-62.5457
-62.5465
-62.5472
-62.548
-62.5488
-62.5496
-62.5504
-62.5513
-62.5521
-62.5529
-62.5538
-62.5547
-62.5555
-62.5564
-62.5573
-62.5582
-62.5591
-62.5601
-62.561
-62.562
-62.5629
-62.5639
-62.5648
-62.5658
-62.5668
-62.5678
-62.5688
-62.5699
-62.5709
-62.5719
-62.573
-62.574
-62.5751
-62.5761
-62.5772
-62.5783
-62.5794
-62.5805
-62.5816
-62.5827
-62.5838
-62.5849
-62.586
-62.5872
-62.5883
-62.5895
-62.5906
-62.5918
-62.593
-62.5941
-62.5953
-62.5965
-62.5977
-62.5989
-62.6001
-62.6013
-62.6025
-62.6038
-62.605
-62.6062
-62.6075
-62.6087
-62.61
-62.6112
-62.6125
-62.6137
-62.615
-62.6163
-62.6176
-62.6188
-62.6201
-62.6214
-62.6227
-62.624
-62.6253
-62.6266
-62.6279
-62.6293
-62.6306
-62.6319
-62.6332
-62.6346
-62.6359
-62.6372
-62.6386
-62.6399
-62.6413
-62.6426
-62.644
-62.6454
-62.6467
-62.6481
-62.6495
-62.6508
-62.6522
-62.6536
-62.655
-62.6564
-62.6577
-62.6591
-62.6605
-62.6619
-62.6633
-62.6647
-62.6661
-62.6675
-62.6689
-62.6704
-62.6718
-62.6732
-62.6746
-62.676
-62.6774
-62.6789
-62.6803
-62.6817
-62.6832
-62.6846
-62.686
-62.6875
-62.6889
-62.6904
-62.6918
-62.6932
-62.6947
-62.6961
-62.6976
-62.699
-62.7005
-62.7019
-62.7034
-62.7049
-62.7063
-62.7078
-62.7092
-62.7107
-62.7122
-62.7136
-62.7151
-62.7166
-62.718
-62.7195
-62.721
-62.7225
-62.7239
-62.7254
-62.7269
-62.7284
-62.7298
-62.7313
-62.7328
-62.7343
-62.7358
-62.7373
-62.7387
-62.7402
-62.7417
-62.7432
-62.7447
-62.7462
-62.7477
-62.7492
-62.7506
-62.7521
-62.7536
-62.7551
-62.7566
-62.7581
-62.7596
-62.7611
-62.7626
-62.7641
-62.7656
-62.7671
-62.7686
-62.7701
-62.7716
-62.7731
-62.7746
-62.7761
-62.7776
-62.7791
-62.7806
-62.7821
-62.7836
-62.7851
-62.7866
-62.7881
-62.7896
-62.7911
-62.7926
-62.7941
-62.7956
-62.7971
-62.7986
-62.8001
-62.8016
-62.8031
-62.8046
-62.8061
-62.8076
-62.8091
-62.8106
-62.8121
-62.8136
-62.8151
-62.8166
-62.8181
-62.8196
-62.8211
-62.8226
-62.8241
-62.8256
-62.8271
-62.8286
-62.8301
-62.8316
-62.8331
-62.8346
-62.8361
-62.8376
-62.8391
-62.8406
-62.8421
-62.8436
-62.8451
-62.8466
-62.8481
-62.8496
-62.8511
-62.8526
-62.8541
-62.8556
-62.8571
-62.8585
-62.86
-62.8615
-62.863
-62.8645
-62.866
-62.8675
-62.869
-62.8705
-62.872
-62.8735
-62.875
-62.8765
-62.8779
-62.8794
-62.8809
-62.8824
-62.8839
-62.8854
-62.8869
-62.8884
-62.8898
-62.8913
-62.8928
-62.8943
-62.8958
-62.8973
-62.8987
-62.9002
-62.9017
-62.9032
-62.9047
-62.9061
-62.9076
-62.9091
-62.9106
-62.912
-62.9135
-62.915
-62.9165
-62.9179
-62.9194
-62.9209
-62.9224
-62.9238
-62.9253
-62.9268
-62.9282
-62.9297
-62.9312
-62.9326
-62.9341
-62.9356
-62.937
-62.9385
-62.94
-62.9414
-62.9429
-62.9444
-62.9458
-62.9473
-62.9487
-62.9502
-62.9516
-62.9531
-62.9546
-62.956
-62.9575
-62.9589
-62.9604
-62.9618
-62.9633
-62.9647
-62.9662
-62.9676
-62.9691
-62.9705
-62.972
-62.9734
-62.9749
-62.9763
-62.9778
-62.9792
-62.9806
-62.9821
-62.9835
-62.985
-62.9864
-62.9878
-62.9893
-62.9907
-62.9921
-62.9936
-62.995
-62.9965
-62.9979
-62.9993
-63.0007
-63.0022
-63.0036
-63.005
-63.0065
-63.0079
-63.0093
-63.0107
-63.0122
-63.0136
-63.015
-63.0164
-63.0179
-63.0193
-63.0207
-63.0221
-63.0235
-63.0249
-63.0264
-63.0278
-63.0292
-63.0306
-63.032
-63.0334
-63.0348
-63.0362
-63.0376
-63.0391
-63.0405
-63.0419
-63.0433
-63.0447
-63.0461
-63.0475
-63.0489
-63.0503
-63.0517
-63.0531
-63.0545
-63.0559
-63.0573
-63.0587
-63.0601
-63.0615
-63.0629
-63.0642
-63.0656
-63.067
-63.0684
-63.0698
-63.0712
-63.0726
-63.074
-63.0753
-63.0767
-63.0781
-63.0795
-63.0809
-63.0823
-63.0836
-63.085
-63.0864
-63.0878
-63.0891
-63.0905
-63.0919
-63.0933
-63.0946
-63.096
-63.0974
-63.0987
-63.1001
-63.1015
-63.1028
-63.1042
-63.1056
-63.1069
-63.1083
-63.1097
-63.111
-63.1124
-63.1137
-63.1151
-63.1165
-63.1178
-63.1192
-63.1205
-63.1219
-63.1232
-63.1246
-63.1259
-63.1273
-63.1286
-63.13
-63.1313
-63.1327
-63.134
-63.1354
-63.1367
-63.1381
-63.1394
-63.1407
-63.1421
-63.1434
-63.1447
-63.1461
-63.1474
-63.1488
-63.1501
-63.1514
-63.1528
-63.1541
-63.1554
-63.1567
-63.1581
-63.1594
-63.1607
-63.1621
-63.1634
-63.1647
-63.166
-63.1674
-63.1687
-63.17
-63.1713
-63.1726
-63.174
-63.1753
-63.1766
-63.1779
-63.1792
-63.1805
-63.1818
-63.1832
-63.1845
-63.1858
-63.1871
-63.1884
-63.1897
-63.191
-63.1923
-63.1936
-63.1949
-63.1962
-63.1975
-63.1988
-63.2001
-63.2014
-63.2027
-63.204
-63.2053
-63.2066
-63.2079
-63.2092
-63.2105
-63.2118
-63.2131
-63.2143
-63.2156
-63.2169
-63.2182
-63.2195
-63.2208
-63.2221
-63.2233
-63.2246
-63.2259
-63.2272
-63.2285
-63.2297
-63.231
-63.2323
-63.2336
-63.2349
-63.2361
-63.2374
-63.2387
-63.2399
-63.2412
-63.2425
-63.2438
-63.245
-63.2463
-63.2476
-63.2488
-63.2501
-63.2513
-63.2526
-63.2539
-63.2551
-63.2564
-63.2576
-63.2589
-63.2602
-63.2614
-63.2627
-63.2639
-63.2652
-63.2664
-63.2677
-63.2689
-63.2702
-63.2714
-63.2727
-63.2739
-63.2752
-63.2764
-63.2777
-63.2789
-63.2801
-63.2814
-63.2826
-63.2839
-63.2851
-63.2863
-63.2876
-63.2888
-63.2901
-63.2913
-63.2925
-63.2938
-63.295
-63.2962
-63.2974
-63.2987
-63.2999
-63.3011
-63.3024
-63.3036
-63.3048
-63.306
-63.3073
-63.3085
-63.3097
-63.3109
-63.3121
-63.3134
-63.3146
-63.3158
-63.317
-63.3182
-63.3194
-63.3206
-63.3218
-63.3231
-63.3243
-63.3255
-63.3267
-63.3279
-63.3291
-63.3303
-63.3315
-63.3327
-63.3339
-63.3351
-63.3363
-63.3375
-63.3387
-63.3399
-63.3411
-63.3423
-63.3435
-63.3447
-63.3459
-63.3471
-63.3483
-63.3494
-63.3506
-63.3518
-63.353
-63.3542
-63.3554
-63.3566
-63.3577
-63.3589
-63.3601
-63.3613
-63.3625
-63.3636
-63.3648
-63.366
-63.3672
-63.3684
-63.3695
-63.3707
-63.3719
-63.373
-63.3742
-63.3754
-63.3765
-63.3777
-63.3789
-63.38
-63.3812
-63.3824
-63.3835
-63.3847
-63.3859
-63.387
-63.3882
-63.3893
-63.3905
-63.3916
-63.3928
-63.3939
-63.3951
-63.3963
-63.3974
-63.3986
-63.3997
-63.4009
-63.402
-63.4031
-63.4043
-63.4054
-63.4066
-63.4077
-63.4089
-63.41
-63.4111
-63.4123
-63.4134
-63.4146
-63.4157
-63.4168
-63.418
-63.4191
-63.4202
-63.4214
-63.4225
-63.4236
-63.4248
-63.4259
-63.427
-63.4281
-63.4293
-63.4304
-63.4315
-63.4326
-63.4338
-63.4349
-63.436
-63.4371
-63.4382
-63.4394
-63.4405
-63.4416
-63.4427
-63.4438
-63.4449
-63.446
-63.4472
-63.4483
-63.4494
-63.4505
-63.4516
-63.4527
-63.4538
-63.4549
-63.456
-63.4571
-63.4582
-63.4593
-63.4604
-63.4615
-63.4626
-63.4637
-63.4648
-63.4659
-63.467
-63.4681
-63.4692
-63.4703
-63.4714
-63.4725
-63.4736
-63.4747
-63.4758
-63.4769
-63.4779
-63.479
-63.4801
-63.4812
-63.4823
-63.4834
-63.4845
-63.4855
-63.4866
-63.4877
-63.4888
-63.4899
-63.4909
-63.492
-63.4931
-63.4942
-63.4952
-63.4963
-63.4974
-63.4985
-63.4995
-63.5006
-63.5012
-63.5015
-63.5015
-63.5011
-63.5006
-63.4997
-63.4986
-63.4973
-63.4957
-63.494
-63.492
-63.4898
-63.4874
-63.4848
-63.4821
-63.4792
-63.4761
-63.4729
-63.4695
-63.466
-63.4624
-63.4586
-63.4547
-63.4507
-63.4466
-63.4424
-63.4381
-63.4337
-63.4293
-63.4247
-63.4201
-63.4154
-63.4106
-63.4058
-63.4009
-63.3959
-63.391
-63.3859
-63.3808
-63.3757
-63.3706
-63.3654
-63.3602
-63.355
-63.3497
-63.3444
-63.3392
-63.3339
-63.3286
-63.3232
-63.3179
-63.3126
-63.3073
-63.302
-63.2966
-63.2913
-63.286
-63.2807
-63.2754
-63.2702
-63.2649
-63.2597
-63.2544
-63.2492
-63.2441
-63.2389
-63.2338
-63.2287
-63.2236
-63.2185
-63.2135
-63.2085
-63.2035
-63.1986
-63.1937
-63.1888
-63.1839
-63.1791
-63.1744
-63.1696
-63.1649
-63.1603
-63.1556
-63.151
-63.1465
-63.142
-63.1375
-63.1331
-63.1287
-63.1244
-63.12
-63.1158
-63.1116
-63.1074
-63.1032
-63.0991
-63.0951
-63.0911
-63.0871
-63.0832
-63.0793
-63.0754
-63.0716
-63.0679
-63.0642
-63.0605
-63.0569
-63.0533
-63.0498
-63.0463
-63.0428
-63.0394
-63.0361
-63.0328
-63.0295
-63.0263
-63.0231
-63.0199
-63.0168
-63.0138
-63.0107
-63.0078
-63.0048
-63.0019
-62.9991
-62.9963
-62.9935
-62.9908
-62.9881
-62.9855
-62.9829
-62.9803
-62.9778
-62.9753
-62.9729
-62.9705
-62.9681
-62.9658
-62.9635
-62.9613
-62.9591
-62.9569
-62.9548
-62.9527
-62.9506
-62.9486
-62.9466
-62.9447
-62.9428
-62.9409
-62.939
-62.9372
-62.9355
-62.9337
-62.932
-62.9304
-62.9288
-62.9272
-62.9256
-62.9241
-62.9226
-62.9211
-62.9197
-62.9183
-62.9169
-62.9156
-62.9143
-62.913
-62.9118
-62.9106
-62.9094
-62.9082
-62.9071
-62.906
-62.905
-62.9039
-62.9029
-62.902
-62.901
-62.9001
-62.8992
-62.8983
-62.8975
-62.8967
-62.8959
-62.8951
-62.8944
-62.8937
-62.893
-62.8924
-62.8917
-62.8911
-62.8905
-62.89
-62.8894
-62.8889
-62.8884
-62.888
-62.8875
-62.8871
-62.8867
-62.8863
-62.886
-62.8856
-62.8853
-62.885
-62.8848
-62.8845
-62.8843
-62.8841
-62.8839
-62.8837
-62.8836
-62.8835
-62.8834
-62.8833
-62.8832
-62.8831
-62.8831
-62.8831
-62.8831
-62.8831
-62.8831
-62.8832
-62.8833
-62.8834
-62.8835
-62.8836
-62.8837
-62.8839
-62.884
-62.8842
-62.8844
-62.8846
-62.8849
-62.8851
-62.8854
-62.8857
-62.886
-62.8863
-62.8866
-62.8869
-62.8873
-62.8876
-62.888
-62.8884
-62.8888
-62.8892
-62.8896
-62.8901
-62.8905
-62.891
-62.8915
-62.8919
-62.8924
-62.893
-62.8935
-62.894
-62.8946
-62.8951
-62.8957
-62.8963
-62.8969
-62.8975
-62.8981
-62.8987
-62.8993
-62.9
-62.9006
-62.9013
-62.9019
-62.9026
-62.9033
-62.904
-62.9047
-62.9054
-62.9062
-62.9069
-62.9077
-62.9084
-62.9092
-62.9099
-62.9107
-62.9115
-62.9123
-62.9131
-62.9139
-62.9147
-62.9156
-62.9164
-62.9172
-62.9181
-62.919
-62.9198
-62.9207
-62.9216
-62.9224
-62.9233
-62.9242
-62.9251
-62.9261
-62.927
-62.9279
-62.9288
-62.9298
-62.9307
-62.9317
-62.9326
-62.9336
-62.9345
-62.9355
-62.9365
-62.9375
-62.9385
-62.9395
-62.9404
-62.9415
-62.9425
-62.9435
-62.9445
-62.9455
-62.9466
-62.9476
-62.9486
-62.9497
-62.9507
-62.9518
-62.9528
-62.9539
-62.9549
-62.956
-62.9571
-62.9582
-62.9593
-62.9603
-62.9614
-62.9625
-62.9636
-62.9647
-62.9658
-62.9669
-62.968
-62.9692
-62.9703
-62.9714
-62.9725
-62.9737
-62.9748
-62.9759
-62.9771
-62.9782
-62.9794
-62.9805
-62.9817
-62.9828
-62.984
-62.9851
-62.9863
-62.9875
-62.9886
-62.9898
-62.991
-62.9921
-62.9933
-62.9945
-62.9957
-62.9969
-62.9981
-62.9992
-63.0004
-63.0016
-63.0028
-63.004
-63.0052
-63.0064
-63.0076
-63.0088
-63.01
-63.0113
-63.0125
-63.0137
-63.0149
-63.0161
-63.0173
-63.0186
-63.0198
-63.021
-63.0222
-63.0235
-63.0247
-63.0259
-63.0272
-63.0284
-63.0296
-63.0309
-63.0321
-63.0333
-63.0346
-63.0358
-63.0371
-63.0383
-63.0396
-63.0408
-63.0421
-63.0433
-63.0446
-63.0458
-63.0471
-63.0483
-63.0496
-63.0508
-63.0521
-63.0533
-63.0546
-63.0559
-63.0571
-63.0584
-63.0596
-63.0609
-63.0622
-63.0634
-63.0647
-63.066
-63.0672
-63.0685
-63.0698
-63.071
-63.0723
-63.0736
-63.0748
-63.0761
-63.0774
-63.0786
-63.0799
-63.0812
-63.0825
-63.0837
-63.085
-63.0863
-63.0876
-63.0888
-63.0901
-63.0914
-63.0927
-63.0939
-63.0952
-63.0965
-63.0978
-63.099
-63.1003
-63.1016
-63.1029
-63.1041
-63.1054
-63.1067
-63.108
-63.1093
-63.1105
-63.1118
-63.1131
-63.1144
-63.1157
-63.1169
-63.1182
-63.1195
-63.1208
-63.1221
-63.1233
-63.1246
-63.1259
-63.1272
-63.1284
-63.1297
-63.131
-63.1323
-63.1336
-63.1348
-63.1361
-63.1374
-63.1387
-63.14
-63.1412
-63.1425
-63.1438
-63.1451
-63.1463
-63.1476
-63.1489
-63.1502
-63.1515
-63.1527
-63.154
-63.1553
-63.1566
-63.1578
-63.1591
-63.1604
-63.1617
-63.1629
-63.1642
-63.1655
-63.1668
-63.168
-63.1693
-63.1706
-63.1718
-63.1731
-63.1744
-63.1757
-63.1769
-63.1782
-63.1795
-63.1807
-63.182
-63.1833
-63.1845
-63.1858
-63.1871
-63.1883
-63.1896
-63.1909
-63.1921
-63.1934
-63.1947
-63.1959
-63.1972
-63.1985
-63.1997
-63.201
-63.2022
-63.2035
-63.2048
-63.206
-63.2073
-63.2086
-63.2098
-63.2111
-63.2123
-63.2136
-63.2148
-63.2161
-63.2174
-63.2186
-63.2199
-63.2211
-63.2224
-63.2236
-63.2249
-63.2261
-63.2274
-63.2286
-63.2299
-63.2311
-63.2324
-63.2336
-63.2349
-63.2361
-63.2374
-63.2386
-63.2399
-63.2411
-63.2423
-63.2436
-63.2448
-63.2461
-63.2473
-63.2486
-63.2498
-63.251
-63.2523
-63.2535
-63.2547
-63.256
-63.2572
-63.2585
-63.2597
-63.2609
-63.2622
-63.2634
-63.2646
-63.2659
-63.2671
-63.2683
-63.2695
-63.2708
-63.272
-63.2732
-63.2745
-63.2757
-63.2769
-63.2781
-63.2794
-63.2806
-63.2818
-63.283
-63.2842
-63.2855
-63.2867
-63.2879
-63.2891
-63.2903
-63.2916
-63.2928
-63.294
-63.2952
-63.2964
-63.2976
-63.2989
-63.3001
-63.3013
-63.3025
-63.3037
-63.3049
-63.3061
-63.3073
-63.3085
-63.3097
-63.3109
-63.3121
-63.3133
-63.3146
-63.3158
-63.317
-63.3182
-63.3194
-63.3206
-63.3218
-63.323
-63.3242
-63.3253
-63.3265
-63.3277
-63.3289
-63.3301
-63.3313
-63.3325
-63.3337
-63.3349
-63.3361
-63.3373
-63.3385
-63.3397
-63.3408
-63.342
-63.3432
-63.3444
-63.3456
-63.3468
-63.3479
-63.3491
-63.3503
-63.3515
-63.3527
-63.3538
-63.355
-63.3562
-63.3574
-63.3585
-63.3597
-63.3609
-63.3621
-63.3632
-63.3644
-63.3656
-63.3668
-63.3679
-63.3691
-63.3703
-63.3714
-63.3726
-63.3738
-63.3749
-63.3761
-63.3773
-63.3784
-63.3796
-63.3807
-63.3819
-63.3831
-63.3842
-63.3854
-63.3865
-63.3877
-63.3888
-63.39
-63.3911
-63.3923
-63.3935
-63.3946
-63.3958
-63.3969
-63.3981
-63.3992
-63.4004
-63.4015
-63.4026
-63.4038
-63.4049
-63.4061
-63.4072
-63.4084
-63.4095
-63.4106
-63.4118
-63.4129
-63.4141
-63.4152
-63.4163
-63.4175
-63.4186
-63.4197
-63.4209
-63.422
-63.4231
-63.4243
-63.4254
-63.4265
-63.4277
-63.4288
-63.4299
-63.431
-63.4322
-63.4333
-63.4344
-63.4355
-63.4367
-63.4378
-63.4389
-63.44
-63.4411
-63.4423
-63.4434
-63.4445
-63.4456
-63.4467
-63.4478
-63.449
-63.4501
-63.4512
-63.4523
-63.4534
-63.4545
-63.4556
-63.4567
-63.4578
-63.4589
-63.4601
-63.4612
-63.4623
-63.4634
-63.4645
-63.4656
-63.4667
-63.4678
-63.4689
-63.47
-63.4711
-63.4722
-63.4733
-63.4744
-63.4755
-63.4766
-63.4777
-63.4787
-63.4798
-63.4809
-63.482
-63.4831
-63.4842
-63.4853
-63.4864
-63.4875
-63.4885
-63.4896
-63.4907
-63.4918
-63.4929
-63.494
-63.495
-63.4961
-63.4972
-63.4978
-63.4981
-63.4981
-63.4978
-63.4972
-63.4964
-63.4953
-63.494
-63.4924
-63.4907
-63.4887
-63.4865
-63.4841
-63.4816
-63.4788
-63.4759
-63.4729
-63.4697
-63.4663
-63.4628
-63.4592
-63.4554
-63.4516
-63.4476
-63.4435
-63.4393
-63.435
-63.4306
-63.4261
-63.4216
-63.417
-63.4123
-63.4075
-63.4027
-63.3978
-63.3929
-63.3879
-63.3829
-63.3778
-63.3727
-63.3676
-63.3624
-63.3572
-63.352
-63.3468
-63.3415
-63.3362
-63.331
-63.3257
-63.3203
-63.315
-63.3097
-63.3044
-63.2991
-63.2938
-63.2885
-63.2832
-63.2779
-63.2726
-63.2674
-63.2621
-63.2569
-63.2517
-63.2465
-63.2413
-63.2362
-63.2311
-63.226
-63.2209
-63.2158
-63.2108
-63.2058
-63.2009
-63.1959
-63.191
-63.1862
-63.1813
-63.1765
-63.1718
-63.1671
-63.1624
-63.1577
-63.1531
-63.1485
-63.144
-63.1395
-63.135
-63.1306
-63.1262
-63.1219
-63.1176
-63.1133
-63.1091
-63.105
-63.1008
-63.0967
-63.0927
-63.0887
-63.0847
-63.0808
-63.077
-63.0731
-63.0693
-63.0656
-63.0619
-63.0582
-63.0546
-63.0511
-63.0475
-63.0441
-63.0406
-63.0372
-63.0339
-63.0306
-63.0273
-63.0241
-63.0209
-63.0178
-63.0147
-63.0116
-63.0086
-63.0057
-63.0027
-62.9999
-62.997
-62.9942
-62.9915
-62.9888
-62.9861
-62.9835
-62.9809
-62.9783
-62.9758
-62.9733
-62.9709
-62.9685
-62.9662
-62.9639
-62.9616
-62.9593
-62.9571
-62.955
-62.9529
-62.9508
-62.9487
-62.9467
-62.9448
-62.9428
-62.9409
-62.9391
-62.9372
-62.9354
-62.9337
-62.932
-62.9303
-62.9286
-62.927
-62.9254
-62.9239
-62.9224
-62.9209
-62.9194
-62.918
-62.9166
-62.9153
-62.9139
-62.9126
-62.9114
-62.9101
-62.9089
-62.9078
-62.9066
-62.9055
-62.9044
-62.9034
-62.9024
-62.9014
-62.9004
-62.8995
-62.8985
-62.8977
-62.8968
-62.896
-62.8952
-62.8944
-62.8936
-62.8929
-62.8922
-62.8915
-62.8909
-62.8903
-62.8897
-62.8891
-62.8885
-62.888
-62.8875
-62.887
-62.8866
-62.8861
-62.8857
-62.8853
-62.8849
-62.8846
-62.8843
-62.884
-62.8837
-62.8834
-62.8832
-62.883
-62.8828
-62.8826
-62.8824
-62.8823
-62.8822
-62.8821
-62.882
-62.8819
-62.8819
-62.8818
-62.8818
-62.8818
-62.8819
-62.8819
-62.882
-62.882
-62.8821
-62.8822
-62.8824
-62.8825
-62.8827
-62.8828
-62.883
-62.8832
-62.8835
-62.8837
-62.8839
-62.8842
-62.8845
-62.8848
-62.8851
-62.8854
-62.8858
-62.8861
-62.8865
-62.8869
-62.8873
-62.8877
-62.8881
-62.8885
-62.889
-62.8894
-62.8899
-62.8904
-62.8909
-62.8914
-62.8919
-62.8924
-62.8929
-62.8935
-62.8941
-62.8946
-62.8952
-62.8958
-62.8964
-62.897
-62.8977
-62.8983
-62.8989
-62.8996
-62.9003
-62.9009
-62.9016
-62.9023
-62.903
-62.9037
-62.9045
-62.9052
-62.9059
-62.9067
-62.9074
-62.9082
-62.909
-62.9098
-62.9106
-62.9114
-62.9122
-62.913
-62.9138
-62.9146
-62.9155
-62.9163
-62.9172
-62.918
-62.9189
-62.9198
-62.9207
-62.9216
-62.9224
-62.9233
-62.9243
-62.9252
-62.9261
-62.927
-62.928
-62.9289
-62.9298
-62.9308
-62.9318
-62.9327
-62.9337
-62.9347
-62.9356
-62.9366
-62.9376
-62.9386
-62.9396
-62.9406
-62.9416
-62.9427
-62.9437
-62.9447
-62.9457
-62.9468
-62.9478
-62.9489
-62.9499
-62.951
-62.952
-62.9531
-62.9542
-62.9552
-62.9563
-62.9574
-62.9585
-62.9596
-62.9607
-62.9618
-62.9629
-62.964
-62.9651
-62.9662
-62.9673
-62.9684
-62.9696
-62.9707
-62.9718
-62.9729
-62.9741
-62.9752
-62.9764
-62.9775
-62.9786
-62.9798
-62.981
-62.9821
-62.9833
-62.9844
-62.9856
-62.9868
-62.9879
-62.9891
-62.9903
-62.9915
-62.9926
-62.9938
-62.995
-62.9962
-62.9974
-62.9986
-62.9998
-63.001
-63.0022
-63.0034
-63.0046
-63.0058
-63.007
-63.0082
-63.0094
-63.0106
-63.0118
-63.0131
-63.0143
-63.0155
-63.0167
-63.018
-63.0192
-63.0204
-63.0216
-63.0229
-63.0241
-63.0253
-63.0266
-63.0278
-63.029
-63.0303
-63.0315
-63.0328
-63.034
-63.0353
-63.0365
-63.0377
-63.039
-63.0402
-63.0415
-63.0427
-63.044
-63.0453
-63.0465
-63.0478
-63.049
-63.0503
-63.0515
-63.0528
-63.0541
-63.0553
-63.0566
-63.0578
-63.0591
-63.0604
-63.0616
-63.0629
-63.0642
-63.0654
-63.0667
-63.068
-63.0692
-63.0705
-63.0718
-63.0731
-63.0743
-63.0756
-63.0769
-63.0782
-63.0794
-63.0807
-63.082
-63.0832
-63.0845
-63.0858
-63.0871
-63.0884
-63.0896
-63.0909
-63.0922
-63.0935
-63.0947
-63.096
-63.0973
-63.0986
-63.0999
-63.1011
-63.1024
-63.1037
-63.105
-63.1063
-63.1075
-63.1088
-63.1101
-63.1114
-63.1127
-63.114
-63.1152
-63.1165
-63.1178
-63.1191
-63.1204
-63.1216
-63.1229
-63.1242
-63.1255
-63.1268
-63.128
-63.1293
-63.1306
-63.1319
-63.1332
-63.1345
-63.1357
-63.137
-63.1383
-63.1396
-63.1409
-63.1421
-63.1434
-63.1447
-63.146
-63.1473
-63.1485
-63.1498
-63.1511
-63.1524
-63.1536
-63.1549
-63.1562
-63.1575
-63.1588
-63.16
-63.1613
-63.1626
-63.1639
-63.1651
-63.1664
-63.1677
-63.169
-63.1702
-63.1715
-63.1728
-63.1741
-63.1753
-63.1766
-63.1779
-63.1791
-63.1804
-63.1817
-63.183
-63.1842
-63.1855
-63.1868
-63.188
-63.1893
-63.1906
-63.1918
-63.1931
-63.1944
-63.1956
-63.1969
-63.1982
-63.1994
-63.2007
-63.202
-63.2032
-63.2045
-63.2058
-63.207
-63.2083
-63.2095
-63.2108
-63.2121
-63.2133
-63.2146
-63.2158
-63.2171
-63.2184
-63.2196
-63.2209
-63.2221
-63.2234
-63.2246
-63.2259
-63.2271
-63.2284
-63.2296
-63.2309
-63.2321
-63.2334
-63.2346
-63.2359
-63.2371
-63.2384
-63.2396
-63.2409
-63.2421
-63.2434
-63.2446
-63.2459
-63.2471
-63.2483
-63.2496
-63.2508
-63.2521
-63.2533
-63.2545
-63.2558
-63.257
-63.2583
-63.2595
-63.2607
-63.262
-63.2632
-63.2644
-63.2657
-63.2669
-63.2681
-63.2694
-63.2706
-63.2718
-63.2731
-63.2743
-63.2755
-63.2767
-63.278
-63.2792
-63.2804
-63.2816
-63.2829
-63.2841
-63.2853
-63.2865
-63.2878
-63.289
-63.2902
-63.2914
-63.2926
-63.2939
-63.2951
-63.2963
-63.2975
-63.2987
-63.2999
-63.3011
-63.3024
-63.3036
-63.3048
-63.306
-63.3072
-63.3084
-63.3096
-63.3108
-63.312
-63.3132
-63.3144
-63.3156
-63.3168
-63.318
-63.3193
-63.3205
-63.3217
-63.3229
-63.3241
-63.3253
-63.3264
-63.3276
-63.3288
-63.33
-63.3312
-63.3324
-63.3336
-63.3348
-63.336
-63.3372
-63.3384
-63.3396
-63.3408
-63.3419
-63.3431
-63.3443
-63.3455
-63.3467
-63.3479
-63.3491
-63.3502
-63.3514
-63.3526
-63.3538
-63.355
-63.3561
-63.3573
-63.3585
-63.3597
-63.3609
-63.362
-63.3632
-63.3644
-63.3655
-63.3667
-63.3679
-63.3691
-63.3702
-63.3714
-63.3726
-63.3737
-63.3749
-63.3761
-63.3772
-63.3784
-63.3796
-63.3807
-63.3819
-63.383
-63.3842
-63.3854
-63.3865
-63.3877
-63.3888
-63.39
-63.3911
-63.3923
-63.3934
-63.3946
-63.3957
-63.3969
-63.398
-63.3992
-63.4003
-63.4015
-63.4026
-63.4038
-63.4049
-63.4061
-63.4072
-63.4084
-63.4095
-63.4106
-63.4118
-63.4129
-63.414
-63.4152
-63.4163
-63.4175
-63.4186
-63.4197
-63.4209
-63.422
-63.4231
-63.4243
-63.4254
-63.4265
-63.4276
-63.4288
-63.4299
-63.431
-63.4321
-63.4333
-63.4344
-63.4355
-63.4366
-63.4377
-63.4389
-63.44
-63.4411
-63.4422
-63.4433
-63.4444
-63.4456
-63.4467
-63.4478
-63.4489
-63.45
-63.4511
-63.4522
-63.4533
-63.4544
-63.4555
-63.4567
-63.4578
-63.4589
-63.46
-63.4611
-63.4622
-63.4633
-63.4644
-63.4655
-63.4666
-63.4677
-63.4688
-63.4699
-63.471
-63.472
-63.4731
-63.4742
-63.4753
-63.4764
-63.4775
-63.4786
-63.4797
-63.4808
-63.4819
-63.4829
-63.484
-63.4851
-63.4862
-63.4873
-63.4884
-63.4894
-63.4905
-63.4916
-63.4927
-63.4938
-63.4948
-63.4959
-63.497
-63.4981
-63.4991
-63.5002
-63.5013
-63.5023
-63.5034
-63.5045
-63.5056
-63.5062
-63.5064
-63.5064
-63.5061
-63.5055
-63.5047
-63.5036
-63.5022
-63.5007
-63.4989
-63.4969
-63.4947
-63.4923
-63.4898
-63.487
-63.4841
-63.481
-63.4778
-63.4744
-63.4709
-63.4673
-63.4635
-63.4596
-63.4556
-63.4515
-63.4473
-63.443
-63.4386
-63.4341
-63.4296
-63.4249
-63.4202
-63.4155
-63.4106
-63.4057
-63.4008
-63.3958
-63.3908
-63.3857
-63.3806
-63.3754
-63.3702
-63.365
-63.3598
-63.3546
-63.3493
-63.344
-63.3387
-63.3334
-63.3281
-63.3227
-63.3174
-63.3121
-63.3068
-63.3014
-63.2961
-63.2908
-63.2855
-63.2802
-63.275
-63.2697
-63.2645
-63.2592
-63.254
-63.2488
-63.2437
-63.2385
-63.2334
-63.2283
-63.2233
-63.2182
-63.2132
-63.2083
-63.2033
-63.1984
-63.1935
-63.1887
-63.1839
-63.1791
-63.1744
-63.1697
-63.165
-63.1604
-63.1558
-63.1512
-63.1467
-63.1422
-63.1378
-63.1334
-63.1291
-63.1248
-63.1205
-63.1163
-63.1116
-63.1067
-63.1015
-63.0961
-63.0904
-63.0845
-63.0785
-63.0722
-63.0658
-63.0591
-63.0524
-63.0454
-63.0383
-63.0311
-63.0238
-63.0163
-63.0087
-63.001
-62.9932
-62.9853
-62.9774
-62.9693
-62.9612
-62.953
-62.9447
-62.9364
-62.9281
-62.9196
-62.9112
-62.9027
-62.8942
-62.8857
-62.8771
-62.8685
-62.8599
-62.8513
-62.8427
-62.8341
-62.8255
-62.8169
-62.8082
-62.7997
-62.7911
-62.7825
-62.774
-62.7655
-62.757
-62.7485
-62.7401
-62.7316
-62.7233
-62.7149
-62.7066
-62.6984
-62.6902
-62.682
-62.6739
-62.6658
-62.6577
-62.6497
-62.6418
-62.6339
-62.6261
-62.6183
-62.6106
-62.6029
-62.5953
-62.5878
-62.5803
-62.5729
-62.5655
-62.5582
-62.551
-62.5438
-62.5367
-62.5296
-62.5226
-62.5157
-62.5088
-62.5021
-62.4953
-62.4887
-62.4821
-62.4756
-62.4691
-62.4627
-62.4564
-62.4501
-62.444
-62.4378
-62.4318
-62.4258
-62.4199
-62.4141
-62.4083
-62.4026
-62.3969
-62.3914
-62.3859
-62.3804
-62.3751
-62.3698
-62.3645
-62.3594
-62.3543
-62.3492
-62.3443
-62.3394
-62.3345
-62.3298
-62.3251
-62.3204
-62.3159
-62.3114
-62.3069
-62.3025
-62.2982
-62.294
-62.2898
-62.2856
-62.2816
-62.2776
-62.2736
-62.2698
-62.2659
-62.2622
-62.2585
-62.2548
-62.2513
-62.2477
-62.2443
-62.2409
-62.2375
-62.2342
-62.2305
-62.2266
-62.2224
-62.2179
-62.2133
-62.2085
-62.2035
-62.1983
-62.1929
-62.1874
-62.1817
-62.1759
-62.1699
-62.1638
-62.1576
-62.1513
-62.1449
-62.1383
-62.1317
-62.125
-62.1182
-62.1114
-62.1044
-62.0974
-62.0904
-62.0833
-62.0761
-62.069
-62.0617
-62.0545
-62.0472
-62.0399
-62.0325
-62.0252
-62.0178
-62.0104
-62.0031
-61.9957
-61.9883
-61.9809
-61.9736
-61.9662
-61.9589
-61.9515
-61.9442
-61.9369
-61.9297
-61.9224
-61.9152
-61.908
-61.9009
-61.8937
-61.8866
-61.8796
-61.8726
-61.8656
-61.8587
-61.8518
-61.845
-61.8382
-61.8314
-61.8247
-61.8181
-61.8115
-61.8049
-61.7985
-61.792
-61.7856
-61.7793
-61.773
-61.7668
-61.7607
-61.7546
-61.7485
-61.7425
-61.7366
-61.7308
-61.725
-61.7192
-61.7135
-61.7079
-61.7024
-61.6969
-61.6915
-61.6861
-61.6808
-61.6755
-61.6704
-61.6653
-61.6602
-61.6552
-61.6503
-61.6454
-61.6406
-61.6359
-61.6312
-61.6266
-61.6221
-61.6176
-61.6132
-61.6088
-61.6046
-61.6003
-61.5962
-61.5921
-61.588
-61.584
-61.5801
-61.5763
-61.5725
-61.5687
-61.5651
-61.5615
-61.5579
-61.5544
-61.551
-61.5476
-61.5443
-61.541
-61.5378
-61.5347
-61.5316
-61.5286
-61.5256
-61.5227
-61.5199
-61.5171
-61.5143
-61.5116
-61.509
-61.5064
-61.5039
-61.5014
-61.499
-61.4966
-61.4943
-61.492
-61.4898
-61.4876
-61.4855
-61.4835
-61.4814
-61.4795
-61.4776
-61.4757
-61.4739
-61.4721
-61.4704
-61.4687
-61.4671
-61.4655
-61.464
-61.4625
-61.461
-61.4596
-61.4583
-61.4569
-61.4557
-61.4544
-61.4532
-61.4521
-61.451
-61.4499
-61.4489
-61.4479
-61.447
-61.4461
-61.4452
-61.4444
-61.4436
-61.4429
-61.4421
-61.4415
-61.4408
-61.4402
-61.4397
-61.4391
-61.4386
-61.4382
-61.4378
-61.4374
-61.437
-61.4367
-61.4364
-61.4362
-61.4359
-61.4357
-61.4356
-61.4355
-61.4354
-61.4353
-61.4353
-61.4353
-61.4353
-61.4353
-61.4354
-61.4355
-61.4357
-61.4358
-61.436
-61.4363
-61.4365
-61.4368
-61.4371
-61.4374
-61.4378
-61.4382
-61.4386
-61.439
-61.4395
-61.4399
-61.4405
-61.441
-61.4415
-61.4421
-61.4427
-61.4433
-61.444
-61.4447
-61.4453
-61.4461
-61.4468
-61.4476
-61.4483
-61.4491
-61.4499
-61.4508
-61.4516
-61.4525
-61.4534
-61.4543
-61.4553
-61.4562
-61.4572
-61.4582
-61.4592
-61.4602
-61.4613
-61.4623
-61.4634
-61.4645
-61.4656
-61.4667
-61.4679
-61.4691
-61.4702
-61.4714
-61.4726
-61.4739
-61.4751
-61.4764
-61.4776
-61.4789
-61.4802
-61.4815
-61.4829
-61.4842
-61.4855
-61.4869
-61.4883
-61.4897
-61.4911
-61.4925
-61.494
-61.4954
-61.4969
-61.4983
-61.4998
-61.5013
-61.5028
-61.5043
-61.5058
-61.5074
-61.5089
-61.5105
-61.5121
-61.5137
-61.5152
-61.5168
-61.5185
-61.5201
-61.5217
-61.5234
-61.525
-61.5267
-61.5283
-61.53
-61.5317
-61.5334
-61.5351
-61.5368
-61.5386
-61.5403
-61.542
-61.5438
-61.5455
-61.5473
-61.5491
-61.5509
-61.5526
-61.5544
-61.5562
-61.558
-61.5599
-61.5617
-61.5635
-61.5654
-61.5672
-61.5691
-61.5709
-61.5728
-61.5747
-61.5765
-61.5784
-61.5803
-61.5822
-61.5841
-61.586
-61.5879
-61.5898
-61.5918
-61.5937
-61.5956
-61.5976
-61.5995
-61.6015
-61.6034
-61.6054
-61.6073
-61.6093
-61.6113
-61.6133
-61.6152
-61.6172
-61.6192
-61.6212
-61.6232
-61.6252
-61.6272
-61.6293
-61.6313
-61.6333
-61.6353
-61.6373
-61.6394
-61.6414
-61.6434
-61.6455
-61.6475
-61.6496
-61.6516
-61.6537
-61.6558
-61.6578
-61.6599
-61.662
-61.664
-61.6661
-61.6682
-61.6703
-61.6723
-61.6744
-61.6765
-61.6786
-61.6807
-61.6828
-61.6849
-61.687
-61.6891
-61.6912
-61.6933
-61.6954
-61.6975
-61.6996
-61.7018
-61.7039
-61.706
-61.7081
-61.7102
-61.7124
-61.7145
-61.7166
-61.7187
-61.7209
-61.723
-61.7252
-61.7273
-61.7294
-61.7316
-61.7337
-61.7358
-61.738
-61.7401
-61.7423
-61.7444
-61.7466
-61.7487
-61.7509
-61.753
-61.7552
-61.7573
-61.7595
-61.7617
-61.7638
-61.766
-61.7681
-61.7703
-61.7724
-61.7746
-61.7768
-61.7789
-61.7811
-61.7833
-61.7854
-61.7876
-61.7898
-61.7919
-61.7941
-61.7963
-61.7984
-61.8006
-61.8028
-61.8049
-61.8071
-61.8093
-61.8114
-61.8136
-61.8158
-61.8179
-61.8201
-61.8223
-61.8245
-61.8266
-61.8288
-61.831
-61.8331
-61.8353
-61.8375
-61.8397
-61.8418
-61.844
-61.8462
-61.8484
-61.8505
-61.8527
-61.8549
-61.857
-61.8592
-61.8614
-61.8636
-61.8657
-61.8679
-61.8701
-61.8722
-61.8744
-61.8766
-61.8787
-61.8809
-61.8831
-61.8853
-61.8874
-61.8896
-61.8918
-61.8939
-61.8961
-61.8983
-61.9004
-61.9026
-61.9048
-61.9069
-61.9091
-61.9112
-61.9134
-61.9156
-61.9177
-61.9199
-61.9221
-61.9242
-61.9264
-61.9285
-61.9307
-61.9328
-61.935
-61.9372
-61.9393
-61.9415
-61.9436
-61.9458
-61.9479
-61.9501
-61.9522
-61.9544
-61.9565
-61.9587
-61.9608
-61.963
-61.9651
-61.9673
-61.9694
-61.9716
-61.9737
-61.9758
-61.978
-61.9801
-61.9823
-61.9844
-61.9865
-61.9887
-61.9908
-61.993
-61.9951
-61.9972
-61.9994
-62.0015
-62.0036
-62.0058
-62.0079
-62.01
-62.0121
-62.0143
-62.0164
-62.0185
-62.0206
-62.0228
-62.0249
-62.027
-62.0291
-62.0312
-62.0334
-62.0355
-62.0376
-62.0397
-62.0418
-62.0439
-62.046
-62.0482
-62.0503
-62.0524
-62.0545
-62.0566
-62.0587
-62.0608
-62.0629
-62.065
-62.0671
-62.0692
-62.0713
-62.0734
-62.0755
-62.0776
-62.0797
-62.0818
-62.0839
-62.086
-62.088
-62.0901
-62.0922
-62.0939
-62.0952
-62.0962
-62.0969
-62.0974
-62.0976
-62.0975
-62.0973
-62.0968
-62.0961
-62.0952
-62.0941
-62.0928
-62.0913
-62.0897
-62.0878
-62.0859
-62.0838
-62.0815
-62.0791
-62.0766
-62.0739
-62.0711
-62.0683
-62.0653
-62.0622
-62.059
-62.0557
-62.0524
-62.049
-62.0454
-62.0419
-62.0382
-62.0345
-62.0308
-62.027
-62.0231
-62.0192
-62.0153
-62.0113
-62.0073
-62.0032
-61.9991
-61.995
-61.9909
-61.9868
-61.9826
-61.9785
-61.9743
-61.9701
-61.9659
-61.9617
-61.9575
-61.9533
-61.9491
-61.9449
-61.9407
-61.9366
-61.9324
-61.9283
-61.9241
-61.92
-61.9159
-61.9118
-61.9078
-61.9037
-61.8997
-61.8957
-61.8917
-61.8878
-61.8838
-61.88
-61.8761
-61.8723
-61.8684
-61.8647
-61.8609
-61.8572
-61.8536
-61.8499
-61.8463
-61.8427
-61.8392
-61.8357
-61.8322
-61.8288
-61.8254
-61.8221
-61.8188
-61.8155
-61.8123
-61.8091
-61.806
-61.8029
-61.7998
-61.7968
-61.7938
-61.7908
-61.7879
-61.7851
-61.7822
-61.7795
-61.7767
-61.774
-61.7714
-61.7688
-61.7662
-61.7637
-61.7612
-61.7588
-61.7564
-61.754
-61.7517
-61.7494
-61.7472
-61.745
-61.7428
-61.7407
-61.7387
-61.7366
-61.7347
-61.7327
-61.7308
-61.729
-61.7271
-61.7253
-61.7236
-61.7219
-61.7202
-61.7186
-61.717
-61.7155
-61.714
-61.7125
-61.7111
-61.7097
-61.7083
-61.707
-61.7057
-61.7045
-61.7033
-61.7021
-61.701
-61.6999
-61.6989
-61.6978
-61.6968
-61.6959
-61.695
-61.6941
-61.6932
-61.6924
-61.6916
-61.6909
-61.6902
-61.6895
-61.6889
-61.6882
-61.6877
-61.6871
-61.6866
-61.6861
-61.6856
-61.6852
-61.6848
-61.6845
-61.6841
-61.6838
-61.6835
-61.6833
-61.6831
-61.6829
-61.6827
-61.6826
-61.6825
-61.6824
-61.6824
-61.6823
-61.6823
-61.6824
-61.6824
-61.6825
-61.6826
-61.6827
-61.6829
-61.6831
-61.6833
-61.6835
-61.6838
-61.6841
-61.6844
-61.6847
-61.685
-61.6854
-61.6858
-61.6862
-61.6867
-61.6871
-61.6876
-61.6881
-61.6887
-61.6892
-61.6898
-61.6904
-61.691
-61.6916
-61.6923
-61.6929
-61.6936
-61.6943
-61.695
-61.6958
-61.6966
-61.6973
-61.6981
-61.699
-61.6998
-61.7007
-61.7015
-61.7024
-61.7033
-61.7042
-61.7052
-61.7061
-61.7071
-61.7081
-61.7091
-61.7101
-61.7111
-61.7122
-61.7133
-61.7143
-61.7154
-61.7165
-61.7177
-61.7188
-61.72
-61.7211
-61.7223
-61.7235
-61.7247
-61.7259
-61.7271
-61.7284
-61.7296
-61.7309
-61.7322
-61.7335
-61.7348
-61.7361
-61.7374
-61.7388
-61.7401
-61.7415
-61.7428
-61.7442
-61.7456
-61.747
-61.7484
-61.7499
-61.7513
-61.7528
-61.7542
-61.7557
-61.7571
-61.7586
-61.7601
-61.7616
-61.7631
-61.7647
-61.7662
-61.7677
-61.7693
-61.7708
-61.7724
-61.774
-61.7756
-61.7772
-61.7788
-61.7804
-61.782
-61.7836
-61.7852
-61.7869
-61.7885
-61.7901
-61.7918
-61.7935
-61.7951
-61.7968
-61.7985
-61.8002
-61.8019
-61.8036
-61.8053
-61.807
-61.8088
-61.8105
-61.8122
-61.814
-61.8157
-61.8175
-61.8192
-61.821
-61.8227
-61.8245
-61.8263
-61.8281
-61.8299
-61.8317
-61.8335
-61.8353
-61.8371
-61.8389
-61.8407
-61.8425
-61.8444
-61.8462
-61.848
-61.8499
-61.8517
-61.8536
-61.8554
-61.8573
-61.8591
-61.861
-61.8629
-61.8648
-61.8666
-61.8685
-61.8704
-61.8723
-61.8742
-61.8761
-61.878
-61.8799
-61.8818
-61.8837
-61.8856
-61.8875
-61.8894
-61.8913
-61.8933
-61.8952
-61.8971
-61.899
-61.901
-61.9029
-61.9048
-61.9068
-61.9087
-61.9107
-61.9126
-61.9146
-61.9165
-61.9185
-61.9204
-61.9224
-61.9243
-61.9263
-61.9283
-61.9302
-61.9322
-61.9342
-61.9361
-61.9381
-61.9401
-61.9421
-61.944
-61.946
-61.948
-61.95
-61.952
-61.954
-61.956
-61.9579
-61.9599
-61.9619
-61.9639
-61.9659
-61.9679
-61.9699
-61.9719
-61.9739
-61.9759
-61.9779
-61.9799
-61.9819
-61.9839
-61.9859
-61.9879
-61.9899
-61.9919
-61.9939
-61.9959
-61.998
-62
-62.002
-62.004
-62.006
-62.008
-62.01
-62.012
-62.0141
-62.0161
-62.0181
-62.0201
-62.0221
-62.0241
-62.0262
-62.0282
-62.0302
-62.0322
-62.0342
-62.0363
-62.0383
-62.0403
-62.0423
-62.0443
-62.0464
-62.0484
-62.0504
-62.0524
-62.0544
-62.0565
-62.0585
-62.0605
-62.0625
-62.0645
-62.0666
-62.0686
-62.0706
-62.0726
-62.0746
-62.0767
-62.0787
-62.0807
-62.0827
-62.0847
-62.0868
-62.0888
-62.0908
-62.0928
-62.0948
-62.0969
-62.0989
-62.1009
-62.1029
-62.1049
-62.107
-62.109
-62.111
-62.113
-62.115
-62.117
-62.119
-62.1211
-62.1231
-62.1251
-62.1271
-62.1291
-62.1311
-62.1331
-62.1351
-62.1372
-62.1392
-62.1412
-62.1432
-62.1452
-62.1472
-62.1492
-62.1512
-62.1532
-62.1552
-62.1572
-62.1592
-62.1612
-62.1632
-62.1652
-62.1672
-62.1692
-62.1712
-62.1732
-62.1752
-62.1772
-62.1792
-62.1812
-62.1832
-62.1852
-62.1872
-62.1892
-62.1912
-62.1932
-62.1952
-62.1972
-62.1992
-62.2012
-62.2031
-62.2051
-62.2071
-62.2091
-62.2111
-62.2131
-62.215
-62.217
-62.219
-62.221
-62.223
-62.2249
-62.2269
-62.2289
-62.2309
-62.2329
-62.2348
-62.2368
-62.2388
-62.2407
-62.2423
-62.2434
-62.2443
-62.2449
-62.2453
-62.2454
-62.2452
-62.2449
-62.2442
-62.2434
-62.2424
-62.2412
-62.2397
-62.2382
-62.2364
-62.2344
-62.2324
-62.2301
-62.2277
-62.2252
-62.2226
-62.2198
-62.2169
-62.2139
-62.2108
-62.2076
-62.2043
-62.2009
-62.1974
-62.1938
-62.1902
-62.1865
-62.1827
-62.1789
-62.175
-62.1711
-62.1671
-62.1631
-62.159
-62.1549
-62.1508
-62.1466
-62.1424
-62.1382
-62.1339
-62.1297
-62.1254
-62.1211
-62.1168
-62.1125
-62.1082
-62.1039
-62.0996
-62.0952
-62.0909
-62.0866
-62.0823
-62.078
-62.0737
-62.0695
-62.0652
-62.061
-62.0568
-62.0526
-62.0484
-62.0442
-62.0401
-62.0359
-62.0319
-62.0278
-62.0237
-62.0197
-62.0158
-62.0118
-62.0079
-62.004
-62.0001
-61.9963
-61.9925
-61.9888
-61.985
-61.9814
-61.9777
-61.9741
-61.9705
-61.967
-61.9635
-61.96
-61.9566
-61.9532
-61.9499
-61.9466
-61.9433
-61.9401
-61.9369
-61.9338
-61.9307
-61.9276
-61.9246
-61.9216
-61.9187
-61.9158
-61.913
-61.9102
-61.9074
-61.9047
-61.902
-61.8994
-61.8968
-61.8942
-61.8917
-61.8893
-61.8868
-61.8844
-61.8821
-61.8798
-61.8775
-61.8753
-61.8732
-61.871
-61.8689
-61.8669
-61.8649
-61.8629
-61.861
-61.8591
-61.8572
-61.8554
-61.8537
-61.8519
-61.8502
-61.8486
-61.847
-61.8454
-61.8439
-61.8424
-61.8409
-61.8395
-61.8381
-61.8368
-61.8355
-61.8342
-61.833
-61.8318
-61.8306
-61.8295
-61.8284
-61.8273
-61.8263
-61.8253
-61.8244
-61.8235
-61.8226
-61.8217
-61.8209
-61.8201
-61.8194
-61.8187
-61.818
-61.8173
-61.8167
-61.8161
-61.8156
-61.815
-61.8145
-61.8141
-61.8136
-61.8132
-61.8129
-61.8125
-61.8122
-61.8119
-61.8116
-61.8114
-61.8112
-61.811
-61.8109
-61.8108
-61.8107
-61.8106
-61.8106
-61.8105
-61.8106
-61.8106
-61.8106
-61.8107
-61.8108
-61.811
-61.8111
-61.8113
-61.8115
-61.8118
-61.812
-61.8123
-61.8126
-61.8129
-61.8133
-61.8136
-61.814
-61.8144
-61.8149
-61.8153
-61.8158
-61.8163
-61.8168
-61.8173
-61.8179
-61.8185
-61.8191
-61.8197
-61.8203
-61.821
-61.8216
-61.8223
-61.823
-61.8238
-61.8245
-61.8253
-61.8261
-61.8269
-61.8277
-61.8285
-61.8293
-61.8302
-61.8311
-61.832
-61.8329
-61.8338
-61.8348
-61.8357
-61.8367
-61.8377
-61.8387
-61.8397
-61.8407
-61.8418
-61.8428
-61.8439
-61.845
-61.8461
-61.8472
-61.8483
-61.8495
-61.8506
-61.8518
-61.853
-61.8542
-61.8554
-61.8566
-61.8578
-61.859
-61.8603
-61.8616
-61.8628
-61.8641
-61.8654
-61.8667
-61.868
-61.8694
-61.8707
-61.872
-61.8734
-61.8748
-61.8761
-61.8775
-61.8789
-61.8803
-61.8818
-61.8832
-61.8846
-61.8861
-61.8875
-61.889
-61.8904
-61.8919
-61.8934
-61.8949
-61.8964
-61.8979
-61.8994
-61.901
-61.9025
-61.904
-61.9056
-61.9071
-61.9087
-61.9103
-61.9119
-61.9134
-61.915
-61.9166
-61.9182
-61.9199
-61.9215
-61.9231
-61.9247
-61.9264
-61.928
-61.9297
-61.9313
-61.933
-61.9347
-61.9363
-61.938
-61.9397
-61.9414
-61.9431
-61.9443
-61.9453
-61.9459
-61.9463
-61.9464
-61.9462
-61.9459
-61.9453
-61.9444
-61.9434
-61.9422
-61.9408
-61.9392
-61.9374
-61.9355
-61.9334
-61.9311
-61.9287
-61.9262
-61.9235
-61.9207
-61.9178
-61.9148
-61.9117
-61.9084
-61.9051
-61.9017
-61.8982
-61.8946
-61.891
-61.8873
-61.8835
-61.8797
-61.8758
-61.8718
-61.8678
-61.8638
-61.8597
-61.8556
-61.8514
-61.8472
-61.843
-61.8388
-61.8345
-61.8303
-61.826
-61.8217
-61.8174
-61.8131
-61.8087
-61.8044
-61.8001
-61.7958
-61.7915
-61.7872
-61.7829
-61.7786
-61.7743
-61.77
-61.7658
-61.7615
-61.7573
-61.7531
-61.749
-61.7448
-61.7407
-61.7366
-61.7325
-61.7285
-61.7244
-61.7204
-61.7165
-61.7126
-61.7087
-61.7048
-61.701
-61.6972
-61.6934
-61.6897
-61.686
-61.6824
-61.6787
-61.6752
-61.6716
-61.6681
-61.6647
-61.6613
-61.6579
-61.6546
-61.6513
-61.648
-61.6448
-61.6416
-61.6385
-61.6354
-61.6324
-61.6294
-61.6264
-61.6235
-61.6207
-61.6178
-61.6151
-61.6123
-61.6096
-61.607
-61.6044
-61.6018
-61.5993
-61.5968
-61.5944
-61.592
-61.5897
-61.5873
-61.5851
-61.5829
-61.5807
-61.5786
-61.5765
-61.5744
-61.5724
-61.5705
-61.5686
-61.5667
-61.5648
-61.5631
-61.5613
-61.5596
-61.5579
-61.5563
-61.5547
-61.5532
-61.5517
-61.5502
-61.5488
-61.5474
-61.546
-61.5447
-61.5434
-61.5422
-61.541
-61.5399
-61.5387
-61.5377
-61.5366
-61.5356
-61.5346
-61.5337
-61.5328
-61.5319
-61.5311
-61.5303
-61.5296
-61.5288
-61.5281
-61.5275
-61.5269
-61.5263
-61.5257
-61.5252
-61.5247
-61.5243
-61.5238
-61.5234
-61.5231
-61.5228
-61.5225
-61.5222
-61.5219
-61.5217
-61.5216
-61.5214
-61.5213

