-65
-65
-65
-65
-65
-65
-65
-65
-65
-65
-65
-65
-65
-65
-65
-65
-65
-65
-65
-65
-65
-65
-65
-65
-65
-65
-65
-65
-65
-65
-65
-65
-65
-65
-65
-65
-65
-65
-65
-65
-65
-65
-65
-65
-65
-65
-65
-65
-65
-65
-65
-65
-65
-65
-65
-65
-65
-65
-65
-65
-65
-65
-65
-65
-65
-65
-65
-65
-65
-65
-65
-65
-65
-65
-65
-65
-65
-65
-65
-65
-65
-65
-65
-65
-65
-65
-65
-65
-65
-65
-65
-65
-65
-65
-65
-65
-65
-65
-65
-65
-65
-65
-65
-65
-65
-65
-65
-65
-65
-65
-65
-65
-65
-65
-64.9999
-64.9999
-64.9999
-64.9999
-64.9999
-64.9999
-64.9999
-64.9999
-64.9999
-64.9999
-64.9999
-64.9999
-64.9999
-64.9999
-64.9999
-64.9999
-64.9999
-64.9999
-64.9999
-64.9999
-64.9999
-64.9999
-64.9999
-64.9999
-64.9999
-64.9999
-64.9999
-64.9999
-64.9999
-64.9998
-64.9998
-64.9998
-64.9998
-64.9998
-64.9998
-64.9998
-64.9998
-64.9998
-64.9998
-64.9998
-64.9998
-64.9998
-64.9998
-64.9998
-64.9998
-64.9998
-64.9998
-64.9998
-64.9998
-64.9998
-64.9997
-64.9997
-64.9997
-64.9997
-64.9997
-64.9997
-64.9997
-64.9997
-64.9997
-64.9997
-64.9997
-64.9997
-64.9997
-64.9997
-64.9997
-64.9997
-64.9997
-64.9996
-64.9996
-64.9996
-64.9996
-64.9996
-64.9996
-64.9996
-64.9996
-64.9996
-64.9996
-64.9996
-64.9996
-64.9996
-64.9996
-64.9995
-64.9995
-64.9995
-64.9995
-64.9995
-64.9995
-64.9995
-64.9995
-64.9995
-64.9995
-64.9995
-64.9995
-64.9995
-64.9994
-64.9994
-64.9994
-64.9994
-64.9994
-64.9994
-64.9994
-64.9994
-64.9994
-64.9994
-64.9993
-64.9993
-64.9993
-64.9993
-64.9993
-64.9993
-64.9993
-64.9993
-64.9993
-64.9992
-64.9992
-64.9992
-64.9992
-64.9992
-64.9992
-64.9992
-64.9992
-64.9992
-64.9991
-64.9991
-64.9991
-64.9991
-64.9991
-64.9991
-64.9991
-64.999
-64.999
-64.999
-64.999
-64.999
-64.999
-64.999
-64.9989
-64.9989
-64.9989
-64.9989
-64.9989
-64.9989
-64.9989
-64.9988
-64.9988
-64.9988
-64.9988
-64.9988
-64.9988
-64.9987
-64.9987
-64.9987
-64.9987
-64.9987
-64.9987
-64.9987
-64.9986
-64.9986
-64.9986
-64.9986
-64.9986
-64.9985
-64.9985
-64.9985
-64.9985
-64.9985
-64.9985
-64.9984
-64.9984
-64.9984
-64.9984
-64.9984
-64.9984
-64.9983
-64.9983
-64.9983
-64.9983
-64.9983
-64.9982
-64.9982
-64.9982
-64.9982
-64.9982
-64.9981
-64.9981
-64.9981
-64.9981
-64.9981
-64.9981
-64.998
-64.998
-64.998
-64.998
-64.998
-64.9975
-64.9966
-64.9954
-64.9939
-64.9922
-64.9902
-64.9879
-64.9854
-64.9827
-64.9797
-64.9765
-64.9731
-64.9695
-64.9658
-64.9618
-64.9577
-64.9534
-64.9489
-64.9443
-64.9396
-64.9347
-64.9297
-64.9246
-64.9193
-64.914
-64.9085
-64.903
-64.8973
-64.8916
-64.8858
-64.8799
-64.874
-64.8679
-64.8618
-64.8557
-64.8495
-64.8433
-64.837
-64.8306
-64.8243
-64.8179
-64.8114
-64.805
-64.7985
-64.792
-64.7854
-64.7789
-64.7724
-64.7658
-64.7592
-64.7527
-64.7461
-64.7395
-64.7329
-64.7264
-64.7198
-64.7133
-64.7067
-64.7002
-64.6937
-64.6872
-64.6807
-64.6743
-64.6679
-64.6614
-64.6551
-64.6487
-64.6424
-64.6361
-64.6298
-64.6235
-64.6173
-64.6111
-64.605
-64.5989
-64.5928
-64.5867
-64.5807
-64.5748
-64.5688
-64.5629
-64.5571
-64.5513
-64.5455
-64.5398
-64.5341
-64.5284
-64.5228
-64.5172
-64.5117
-64.5062
-64.5008
-64.4954
-64.4901
-64.4848
-64.4795
-64.4743
-64.4691
-64.464
-64.4589
-64.4539
-64.4489
-64.444
-64.4391
-64.4342
-64.4294
-64.4247
-64.4199
-64.4153
-64.4107
-64.4061
-64.4016
-64.3971
-64.3926
-64.3882
-64.3839
-64.3796
-64.3753
-64.3711
-64.367
-64.3629
-64.3588
-64.3548
-64.3508
-64.3468
-64.3429
-64.3391
-64.3353
-64.3315
-64.3278
-64.3241
-64.3204
-64.3169
-64.3133
-64.3098
-64.3063
-64.3029
-64.2995
-64.2962
-64.2928
-64.2896
-64.2864
-64.2832
-64.28
-64.2769
-64.2738
-64.2708
-64.2678
-64.2649
-64.262
-64.2591
-64.2562
-64.2534
-64.2507
-64.248
-64.2453
-64.2426
-64.24
-64.2374
-64.2349
-64.2323
-64.2299
-64.2274
-64.225
-64.2226
-64.2203
-64.218
-64.2157
-64.2134
-64.2112
-64.209
-64.2069
-64.2048
-64.2027
-64.2006
-64.1986
-64.1966
-64.1946
-64.1927
-64.1908
-64.1889
-64.187
-64.1852
-64.1834
-64.1817
-64.1799
-64.1782
-64.1765
-64.1749
-64.1732
-64.1716
-64.1701
-64.1685
-64.167
-64.1655
-64.164
-64.1626
-64.1611
-64.1597
-64.1583
-64.157
-64.1557
-64.1543
-64.1531
-64.1518
-64.1506
-64.1493
-64.1481
-64.147
-64.1458
-64.1447
-64.1436
-64.1425
-64.1414
-64.1404
-64.1393
-64.1383
-64.1374
-64.1364
-64.1354
-64.1345
-64.1336
-64.1327
-64.1318
-64.131
-64.1301
-64.1293
-64.1285
-64.1277
-64.127
-64.1262
-64.1255
-64.1248
-64.1241
-64.1234
-64.1227
-64.1221
-64.1214
-64.1208
-64.1202
-64.1196
-64.1191
-64.1185
-64.118
-64.1174
-64.1169
-64.1164
-64.1159
-64.1155
-64.115
-64.1146
-64.1141
-64.1137
-64.1133
-64.1129
-64.1125
-64.1122
-64.1118
-64.1115
-64.1111
-64.1108
-64.1105
-64.1102
-64.1099
-64.1097
-64.1094
-64.1092
-64.1089
-64.1087
-64.1085
-64.1083
-64.1081
-64.1079
-64.1077
-64.1075
-64.1074
-64.1073
-64.1071
-64.107
-64.1069
-64.1068
-64.1067
-64.1066
-64.1065
-64.1064
-64.1064
-64.1063
-64.1063
-64.1063
-64.1062
-64.1062
-64.1062
-64.1062
-64.1062
-64.1062
-64.1063
-64.1063
-64.1063
-64.1064
-64.1064
-64.1065
-64.1066
-64.1066
-64.1067
-64.1068
-64.1069
-64.107
-64.1071
-64.1072
-64.1073
-64.1075
-64.1076
-64.1078
-64.1079
-64.1081
-64.1082
-64.1084
-64.1086
-64.1087
-64.1089
-64.1091
-64.1093
-64.1095
-64.1097
-64.1099
-64.1101
-64.1104
-64.1106
-64.1108
-64.1111
-64.1113
-64.1116
-64.1118
-64.1121
-64.1123
-64.1126
-64.1129
-64.1131
-64.1134
-64.1137
-64.114
-64.1143
-64.1146
-64.1149
-64.1152
-64.1155
-64.1158
-64.1161
-64.1164
-64.1168
-64.1171
-64.1174
-64.1178
-64.1181
-64.1185
-64.1188
-64.1192
-64.1195
-64.1199
-64.1202
-64.1206
-64.121
-64.1213
-64.1217
-64.1221
-64.1225
-64.1228
-64.1232
-64.1236
-64.124
-64.1244
-64.1248
-64.1252
-64.1256
-64.126
-64.1264
-64.1268
-64.1272
-64.1277
-64.1281
-64.1285
-64.1289
-64.1294
-64.1298
-64.1302
-64.1306
-64.1311
-64.1315
-64.132
-64.1324
-64.1328
-64.1333
-64.1337
-64.1342
-64.1346
-64.1351
-64.1356
-64.136
-64.1365
-64.1369
-64.1374
-64.1379
-64.1383
-64.1388
-64.1393
-64.1398
-64.1402
-64.1407
-64.1412
-64.1417
-64.1421
-64.1426
-64.1431
-64.1436
-64.1441
-64.1446
-64.1451
-64.1455
-64.146
-64.1465
-64.147
-64.1475
-64.148
-64.1485
-64.149
-64.1495
-64.15
-64.1505
-64.151
-64.1515
-64.1521
-64.1526
-64.1531
-64.1536
-64.1541
-64.1546
-64.1551
-64.1556
-64.1562
-64.1567
-64.1572
-64.1577
-64.1582
-64.1587
-64.1593
-64.1598
-64.1603
-64.1608
-64.1614
-64.1619
-64.1624
-64.1629
-64.1635
-64.164
-64.1645
-64.165
-64.1656
-64.1661
-64.1666
-64.1672
-64.1677
-64.1682
-64.1688
-64.1693
-64.1698
-64.1704
-64.1709
-64.1714
-64.172
-64.1725
-64.173
-64.1736
-64.1741
-64.1747
-64.1752
-64.1757
-64.1763
-64.1768
-64.1774
-64.1779
-64.1784
-64.179
-64.1795
-64.1801
-64.1806
-64.1811
-64.1817
-64.1822
-64.1828
-64.1833
-64.1839
-64.1844
-64.1849
-64.1855
-64.186
-64.1866
-64.1871
-64.1877
-64.1882
-64.1888
-64.1893
-64.1899
-64.1904
-64.1909
-64.1915
-64.192
-64.1926
-64.1931
-64.1937
-64.1942
-64.1948
-64.1953
-64.1959
-64.1964
-64.197
-64.1975
-64.1981
-64.1986
-64.1991
-64.1997
-64.2002
-64.2008
-64.2013
-64.2019
-64.2024
-64.203
-64.2035
-64.2041
-64.2046
-64.2052
-64.2057
-64.2063
-64.2068
-64.2074
-64.2079
-64.2085
-64.209
-64.2095
-64.2101
-64.2106
-64.2112
-64.2117
-64.2123
-64.2128
-64.2134
-64.2139
-64.2145
-64.215
-64.2156
-64.2161
-64.2166
-64.2172
-64.2177
-64.2183
-64.2188
-64.2194
-64.2199
-64.2205
-64.221
-64.2216
-64.2221
-64.2226
-64.2232
-64.2237
-64.2243
-64.2248
-64.2254
-64.2259
-64.2264
-64.227
-64.2275
-64.2281
-64.2286
-64.2292
-64.2297
-64.2302
-64.2308
-64.2313
-64.2319
-64.2324
-64.233
-64.2335
-64.234
-64.2346
-64.2351
-64.2357
-64.2362
-64.2367
-64.2373
-64.2378
-64.2383
-64.2389
-64.2394
-64.24
-64.2405
-64.241
-64.2416
-64.2421
-64.2427
-64.2432
-64.2437
-64.2443
-64.2448
-64.2453
-64.2459
-64.2464
-64.2469
-64.2475
-64.248
-64.2485
-64.2491
-64.2496
-64.2501
-64.2507
-64.2512
-64.2517
-64.2523
-64.2528
-64.2533
-64.2539
-64.2544
-64.2549
-64.2555
-64.256
-64.2565
-64.257
-64.2576
-64.2581
-64.2586
-64.2592
-64.2597
-64.2602
-64.2607
-64.2613
-64.2618
-64.2623
-64.2629
-64.2634
-64.2639
-64.2644
-64.265
-64.2655
-64.266
-64.2665
-64.2671
-64.2676
-64.2681
-64.2686
-64.2692
-64.2697
-64.2702
-64.2707
-64.2712
-64.2718
-64.2723
-64.2728
-64.2733
-64.2738
-64.2744
-64.2749
-64.2754
-64.2759
-64.2764
-64.277
-64.2775
-64.278
-64.2785
-64.279
-64.2795
-64.2801
-64.2806
-64.2811
-64.2816
-64.2821
-64.2826
-64.2831
-64.2837
-64.2842
-64.2847
-64.2852
-64.2857
-64.2862
-64.2867
-64.2872
-64.2877
-64.2883
-64.2888
-64.2893
-64.2898
-64.2903
-64.2908
-64.2913
-64.2918
-64.2923
-64.2928
-64.2933
-64.2938
-64.2943
-64.2948
-64.2954
-64.2959
-64.2964
-64.2969
-64.2974
-64.2979
-64.2984
-64.2989
-64.2994
-64.2999
-64.3004
-64.3009
-64.3014
-64.3019
-64.3024
-64.3029
-64.3034
-64.3038
-64.3043
-64.3048
-64.3053
-64.3058
-64.3063
-64.3068
-64.3073
-64.3078
-64.3083
-64.3088
-64.3093
-64.3098
-64.3102
-64.3107
-64.3112
-64.3117
-64.3122
-64.3127
-64.3132
-64.3137
-64.3141
-64.3146
-64.3151
-64.3156
-64.3161
-64.3166
-64.317
-64.3175
-64.318
-64.3185
-64.319
-64.3194
-64.3199
-64.3204
-64.3209
-64.3214
-64.3218
-64.3223
-64.3228
-64.3233
-64.3237
-64.3242
-64.3247
-64.3252
-64.3256
-64.3261
-64.3266
-64.327
-64.3275
-64.328
-64.3285
-64.3289
-64.3294
-64.3299
-64.3303
-64.3308
-64.3313
-64.3317
-64.3322
-64.3327
-64.3331
-64.3336
-64.3341
-64.3345
-64.335
-64.3354
-64.3359
-64.3364
-64.3368
-64.3373
-64.3378
-64.3382
-64.3387
-64.3391
-64.3396
-64.34
-64.3405
-64.341
-64.3414
-64.3419
-64.3423
-64.3428
-64.3432
-64.3437
-64.3442
-64.3446
-64.3451
-64.3455
-64.346
-64.3464
-64.3469
-64.3473
-64.3478
-64.3482
-64.3487
-64.3491
-64.3496
-64.35
-64.3505
-64.3509
-64.3514
-64.3518
-64.3522
-64.3527
-64.3531
-64.3536
-64.354
-64.3545
-64.3549
-64.3554
-64.3558
-64.3562
-64.3567
-64.3571
-64.3576
-64.358
-64.3585
-64.3589
-64.3593
-64.3598
-64.3602
-64.3607
-64.3611
-64.3615
-64.362
-64.3624
-64.3628
-64.3633
-64.3637
-64.3641
-64.3646
-64.365
-64.3655
-64.3659
-64.3663
-64.3668
-64.3672
-64.3676
-64.368
-64.3685
-64.3689
-64.3693
-64.3698
-64.3702
-64.3706
-64.3711
-64.3715
-64.3719
-64.3723
-64.3728
-64.3732
-64.3736
-64.3741
-64.3745
-64.3749
-64.3753
-64.3758
-64.3762
-64.3766
-64.377
-64.3775
-64.3779
-64.3783
-64.3787
-64.3792
-64.3796
-64.38
-64.3804
-64.3808
-64.3813
-64.3817
-64.3821
-64.3825
-64.3829
-64.3834
-64.3838
-64.3842
-64.3846
-64.385
-64.3855
-64.3859
-64.3863
-64.3867
-64.3871
-64.3875
-64.388
-64.3884
-64.3888
-64.3892
-64.3896
-64.39
-64.3904
-64.3908
-64.3913
-64.3917
-64.3921
-64.3925
-64.3929
-64.3933
-64.3937
-64.3941
-64.3946
-64.395
-64.3954
-64.3958
-64.3962
-64.3966
-64.397
-64.3974
-64.3978
-64.3982
-64.3986
-64.399
-64.3994
-64.3998
-64.4003
-64.4007
-64.4011
-64.4015
-64.4019
-64.4023
-64.4027
-64.4031
-64.4035
-64.4039
-64.4043
-64.4047
-64.4051
-64.405
-64.4046
-64.4038
-64.4028
-64.4015
-64.3999
-64.3981
-64.396
-64.3937
-64.3912
-64.3884
-64.3855
-64.3823
-64.379
-64.3755
-64.3718
-64.368
-64.364
-64.3599
-64.3556
-64.3511
-64.3466
-64.3419
-64.3372
-64.3323
-64.3273
-64.3222
-64.317
-64.3117
-64.3064
-64.301
-64.2955
-64.2899
-64.2843
-64.2786
-64.2729
-64.2671
-64.2612
-64.2554
-64.2495
-64.2435
-64.2375
-64.2315
-64.2255
-64.2195
-64.2134
-64.2073
-64.2012
-64.1951
-64.189
-64.1829
-64.1768
-64.1707
-64.1646
-64.1585
-64.1524
-64.1463
-64.1402
-64.1341
-64.1281
-64.122
-64.116
-64.11
-64.104
-64.0981
-64.0921
-64.0862
-64.0803
-64.0745
-64.0686
-64.0628
-64.0571
-64.0513
-64.0456
-64.04
-64.0343
-64.0287
-64.0231
-64.0176
-64.0121
-64.0067
-64.0012
-63.9959
-63.9905
-63.9852
-63.98
-63.9748
-63.9696
-63.9644
-63.9593
-63.9543
-63.9493
-63.9443
-63.9394
-63.9345
-63.9297
-63.9249
-63.9202
-63.9155
-63.9108
-63.9062
-63.9016
-63.8971
-63.8927
-63.8882
-63.8838
-63.8795
-63.8752
-63.871
-63.8668
-63.8626
-63.8585
-63.8544
-63.8504
-63.8464
-63.8425
-63.8386
-63.8347
-63.8309
-63.8272
-63.8235
-63.8198
-63.8162
-63.8126
-63.8091
-63.8056
-63.8021
-63.7987
-63.7953
-63.792
-63.7887
-63.7855
-63.7823
-63.7791
-63.776
-63.7729
-63.7699
-63.7669
-63.764
-63.761
-63.7582
-63.7553
-63.7525
-63.7498
-63.7471
-63.7444
-63.7417
-63.7391
-63.7366
-63.734
-63.7316
-63.7291
-63.7267
-63.7243
-63.722
-63.7196
-63.7174
-63.7151
-63.7129
-63.7108
-63.7086
-63.7065
-63.7045
-63.7024
-63.7004
-63.6984
-63.6965
-63.6946
-63.6927
-63.6909
-63.6891
-63.6873
-63.6855
-63.6838
-63.6821
-63.6805
-63.6788
-63.6772
-63.6757
-63.6741
-63.6726
-63.6711
-63.6697
-63.6683
-63.6668
-63.6655
-63.6641
-63.6628
-63.6615
-63.6602
-63.659
-63.6578
-63.6566
-63.6554
-63.6543
-63.6531
-63.6521
-63.651
-63.6499
-63.6489
-63.6479
-63.6469
-63.646
-63.645
-63.6441
-63.6433
-63.6424
-63.6415
-63.6407
-63.6399
-63.6391
-63.6384
-63.6376
-63.6369
-63.6362
-63.6355
-63.6349
-63.6342
-63.6336
-63.633
-63.6324
-63.6318
-63.6313
-63.6308
-63.6303
-63.6298
-63.6293
-63.6288
-63.6284
-63.628
-63.6275
-63.6272
-63.6268
-63.6264
-63.6261
-63.6257
-63.6254
-63.6251
-63.6248
-63.6246
-63.6243
-63.6241
-63.6239
-63.6236
-63.6235
-63.6233
-63.6231
-63.6229
-63.6228
-63.6227
-63.6226
-63.6225
-63.6224
-63.6223
-63.6222
-63.6222
-63.6221
-63.6221
-63.6221
-63.6221
-63.6221
-63.6221
-63.6221
-63.6222
-63.6222
-63.6223
-63.6224
-63.6225
-63.6225
-63.6227
-63.6228
-63.6229
-63.623
-63.6232
-63.6233
-63.6235
-63.6237
-63.6238
-63.624
-63.6242
-63.6244
-63.6247
-63.6249
-63.6251
-63.6254
-63.6256
-63.6259
-63.6262
-63.6264
-63.6267
-63.627
-63.6273
-63.6276
-63.6279
-63.6283
-63.6286
-63.6289
-63.6293
-63.6296
-63.63
-63.6304
-63.6307
-63.6311
-63.6315
-63.6319
-63.6323
-63.6327
-63.6331
-63.6335
-63.634
-63.6344
-63.6348
-63.6353
-63.6357
-63.6362
-63.6366
-63.6371
-63.6376
-63.6381
-63.6385
-63.639
-63.6395
-63.64
-63.6405
-63.641
-63.6415
-63.6421
-63.6426
-63.6431
-63.6437
-63.6442
-63.6447
-63.6453
-63.6458
-63.6464
-63.6469
-63.6475
-63.6481
-63.6486
-63.6492
-63.6498
-63.6504
-63.651
-63.6516
-63.6522
-63.6528
-63.6534
-63.654
-63.6546
-63.6552
-63.6558
-63.6564
-63.657
-63.6577
-63.6583
-63.6589
-63.6596
-63.6602
-63.6609
-63.6615
-63.6622
-63.6628
-63.6635
-63.6641
-63.6648
-63.6654
-63.6661
-63.6668
-63.6674
-63.6681
-63.6688
-63.6695
-63.6702
-63.6708
-63.6715
-63.6722
-63.6729
-63.6736
-63.6743
-63.675
-63.6757
-63.6764
-63.6771
-63.6778
-63.6785
-63.6792
-63.6799
-63.6807
-63.6814
-63.6821
-63.6828
-63.6835
-63.6843
-63.685
-63.6857
-63.6864
-63.6872
-63.6879
-63.6886
-63.6894
-63.6901
-63.6909
-63.6916
-63.6923
-63.6931
-63.6938
-63.6946
-63.6953
-63.6961
-63.6968
-63.6976
-63.6983
-63.6991
-63.6998
-63.7006
-63.7014
-63.7021
-63.7029
-63.7036
-63.7044
-63.7052
-63.7059
-63.7067
-63.7075
-63.7082
-63.709
-63.7098
-63.7105
-63.7113
-63.7121
-63.7129
-63.7136
-63.7144
-63.7152
-63.716
-63.7167
-63.7175
-63.7183
-63.7191
-63.7199
-63.7206
-63.7214
-63.7222
-63.723
-63.7238
-63.7246
-63.7253
-63.7261
-63.7269
-63.7277
-63.7285
-63.7293
-63.7301
-63.7309
-63.7317
-63.7324
-63.7332
-63.734
-63.7348
-63.7356
-63.7364
-63.7372
-63.738
-63.7388
-63.7396
-63.7404
-63.7412
-63.742
-63.7428
-63.7435
-63.7443
-63.7451
-63.7459
-63.7467
-63.7475
-63.7483
-63.7491
-63.7499
-63.7507
-63.7515
-63.7523
-63.7531
-63.7539
-63.7547
-63.7555
-63.7563
-63.7571
-63.7579
-63.7587
-63.7595
-63.7603
-63.7611
-63.7619
-63.7627
-63.7635
-63.7643
-63.7651
-63.7659
-63.7667
-63.7675
-63.7683
-63.7691
-63.7699
-63.7707
-63.7715
-63.7723
-63.7731
-63.7739
-63.7747
-63.7755
-63.7763
-63.7771
-63.7779
-63.7787
-63.7795
-63.7803
-63.7811
-63.7819
-63.7827
-63.7835
-63.7843
-63.7851
-63.7859
-63.7867
-63.7875
-63.7882
-63.789
-63.7898
-63.7906
-63.7914
-63.7922
-63.793
-63.7938
-63.7946
-63.7954
-63.7962
-63.797
-63.7978
-63.7986
-63.7994
-63.8002
-63.801
-63.8018
-63.8026
-63.8034
-63.8041
-63.8049
-63.8057
-63.8065
-63.8073
-63.8081
-63.8089
-63.8097
-63.8105
-63.8113
-63.8121
-63.8129
-63.8136
-63.8144
-63.8152
-63.816
-63.8168
-63.8176
-63.8184
-63.8192
-63.8199
-63.8207
-63.8215
-63.8223
-63.8231
-63.8239
-63.8247
-63.8255
-63.8262
-63.827
-63.8278
-63.8286
-63.8294
-63.8302
-63.8309
-63.8317
-63.8325
-63.8333
-63.8341
-63.8348
-63.8356
-63.8364
-63.8372
-63.838
-63.8387
-63.8395
-63.8403
-63.8411
-63.8419
-63.8426
-63.8434
-63.8442
-63.845
-63.8457
-63.8465
-63.8473
-63.8481
-63.8488
-63.8496
-63.8504
-63.8512
-63.8519
-63.8527
-63.8535
-63.8542
-63.855
-63.8558
-63.8566
-63.8573
-63.8581
-63.8589
-63.8596
-63.8604
-63.8612
-63.8619
-63.8627
-63.8635
-63.8642
-63.865
-63.8658
-63.8665
-63.8673
-63.8681
-63.8688
-63.8696
-63.8703
-63.8711
-63.8719
-63.8726
-63.8734
-63.8741
-63.8749
-63.8757
-63.8764
-63.8772
-63.8779
-63.8787
-63.8795
-63.8802
-63.881
-63.8817
-63.8825
-63.8832
-63.884
-63.8847
-63.8855
-63.8863
-63.887
-63.8878
-63.8885
-63.8893
-63.89
-63.8908
-63.8915
-63.8923
-63.893
-63.8938
-63.8945
-63.8953
-63.896
-63.8968
-63.8975
-63.8982
-63.899
-63.8997
-63.9005
-63.9012
-63.902
-63.9027
-63.9035
-63.9042
-63.9049
-63.9057
-63.9064
-63.9072
-63.9079
-63.9086
-63.9094
-63.9101
-63.9109
-63.9116
-63.9123
-63.9131
-63.9138
-63.9145
-63.9153
-63.916
-63.9167
-63.9175
-63.9182
-63.9189
-63.9197
-63.9204
-63.9211
-63.9219
-63.9226
-63.9233
-63.9241
-63.9248
-63.9255
-63.9262
-63.927
-63.9277
-63.9284
-63.9292
-63.9299
-63.9306
-63.9313
-63.9321
-63.9328
-63.9335
-63.9342
-63.9349
-63.9357
-63.9364
-63.9371
-63.9378
-63.9386
-63.9393
-63.94
-63.9407
-63.9414
-63.9421
-63.9429
-63.9436
-63.9443
-63.945
-63.9457
-63.9464
-63.9472
-63.9479
-63.9486
-63.9493
-63.95
-63.9507
-63.9514
-63.9522
-63.9529
-63.9536
-63.9543
-63.955
-63.9557
-63.9564
-63.9571
-63.9578
-63.9585
-63.9592
-63.9599
-63.9606
-63.9614
-63.9621
-63.9628
-63.9635
-63.9642
-63.9649
-63.9656
-63.9663
-63.967
-63.9677
-63.9684
-63.9691
-63.9698
-63.9705
-63.9712
-63.9719
-63.9726
-63.9733
-63.974
-63.9747
-63.9754
-63.9761
-63.9767
-63.9774
-63.9781
-63.9788
-63.9795
-63.9802
-63.9809
-63.9816
-63.9823
-63.983
-63.9837
-63.9844
-63.985
-63.9857
-63.9864
-63.9871
-63.9878
-63.9885
-63.9892
-63.9899
-63.9905
-63.9912
-63.9919
-63.9926
-63.9933
-63.994
-63.9946
-63.9953
-63.996
-63.9967
-63.9974
-63.9981
-63.9987
-63.9994
-64.0001
-64.0008
-64.0014
-64.0021
-64.0028
-64.0035
-64.0042
-64.0048
-64.0055
-64.0062
-64.0069
-64.0075
-64.0082
-64.0089
-64.0095
-64.0102
-64.0109
-64.0116
-64.0122
-64.0129
-64.0136
-64.0142
-64.0149
-64.0156
-64.0162
-64.0169
-64.0176
-64.0182
-64.0189
-64.0196
-64.0202
-64.0209
-64.0216
-64.0222
-64.0229
-64.0236
-64.0242
-64.0249
-64.0255
-64.0262
-64.0269
-64.0275
-64.0282
-64.0288
-64.0295
-64.0302
-64.0308
-64.0315
-64.0321
-64.0328
-64.0334
-64.0341
-64.0348
-64.0354
-64.0361
-64.0367
-64.0374
-64.038
-64.0387
-64.0393
-64.04
-64.0406
-64.0413
-64.0419
-64.0426
-64.0432
-64.0439
-64.0445
-64.0452
-64.0458
-64.0465
-64.0471
-64.0478
-64.0484
-64.0491
-64.0497
-64.0503
-64.051
-64.0516
-64.0523
-64.0529
-64.0536
-64.0542
-64.0548
-64.0555
-64.0561
-64.0568
-64.0574
-64.058
-64.0587
-64.0593
-64.0599
-64.0606
-64.0612
-64.0619
-64.0625
-64.0631
-64.0638
-64.0644
-64.065
-64.0657
-64.0663
-64.0669
-64.0676
-64.0682
-64.0688
-64.0695
-64.0701
-64.0707
-64.0713
-64.072
-64.0726
-64.0732
-64.0739
-64.0745
-64.0751
-64.0757
-64.0764
-64.077
-64.0776
-64.0782
-64.0789
-64.0795
-64.0801
-64.0807
-64.0814
-64.082
-64.0826
-64.0832
-64.0839
-64.0845
-64.0851
-64.0857
-64.0863
-64.0869
-64.0876
-64.0882
-64.0888
-64.0894
-64.09
-64.0907
-64.0913
-64.0919
-64.0925
-64.0931
-64.0937
-64.0943
-64.095
-64.0956
-64.0962
-64.0968
-64.0974
-64.098
-64.0986
-64.0992
-64.0998
-64.1005
-64.1011
-64.1017
-64.1023
-64.1029
-64.1035
-64.1041
-64.1047
-64.1053
-64.1059
-64.1065
-64.1071
-64.1077
-64.1083
-64.1089
-64.1095
-64.1101
-64.1107
-64.1113
-64.112
-64.1126
-64.1132
-64.1138
-64.1144
-64.115
-64.1156
-64.1161
-64.1167
-64.1173
-64.1179
-64.1185
-64.1191
-64.1197
-64.1203
-64.1209
-64.1215
-64.1221
-64.1227
-64.1233
-64.1239
-64.1245
-64.1251
-64.1257
-64.1263
-64.1269
-64.1274
-64.128
-64.1286
-64.1292
-64.1298
-64.1304
-64.131
-64.1316
-64.1322
-64.1327
-64.1333
-64.1339
-64.1345
-64.1351
-64.1357
-64.1363
-64.1368
-64.1374
-64.138
-64.1386
-64.1392
-64.1397
-64.1403
-64.1409
-64.1415
-64.1421
-64.1427
-64.1432
-64.1438
-64.1444
-64.145
-64.1455
-64.1461
-64.1467
-64.1473
-64.1479
-64.1484
-64.149
-64.1496
-64.1502
-64.1507
-64.1513
-64.1519
-64.1525
-64.153
-64.1536
-64.1542
-64.1547
-64.1553
-64.1559
-64.1565
-64.157
-64.1576
-64.1582
-64.1587
-64.1593
-64.1599
-64.1604
-64.161
-64.1616
-64.1621
-64.1627
-64.1633
-64.1638
-64.1644
-64.165
-64.1655
-64.1661
-64.1667
-64.1672
-64.1678
-64.1683
-64.1689
-64.1695
-64.17
-64.1706
-64.1711
-64.1717
-64.1723
-64.1728
-64.1734
-64.1739
-64.1745
-64.1751
-64.1756
-64.1762
-64.1767
-64.1773
-64.1778
-64.1784
-64.1789
-64.1795
-64.1801
-64.1806
-64.1812
-64.1817
-64.1823
-64.1828
-64.1834
-64.1839
-64.1845
-64.185
-64.1856
-64.1861
-64.1867
-64.1872
-64.1878
-64.1883
-64.1889
-64.1894
-64.19
-64.1905
-64.1911
-64.1916
-64.1921
-64.1927
-64.1932
-64.1938
-64.1943
-64.1949
-64.1954
-64.196
-64.1965
-64.197
-64.1976
-64.1981
-64.1987
-64.1992
-64.1997
-64.2003
-64.2008
-64.2014
-64.2019
-64.2024
-64.203
-64.2035
-64.2041
-64.2046
-64.2051
-64.2057
-64.2062
-64.2067
-64.2073
-64.2078
-64.2083
-64.2089
-64.2094
-64.2099
-64.2105
-64.211
-64.2115
-64.2121
-64.2126
-64.2131
-64.2137
-64.2142
-64.2147
-64.2152
-64.2158
-64.2163
-64.2168
-64.2174
-64.2179
-64.2184
-64.2189
-64.2195
-64.22
-64.2205
-64.221
-64.2216
-64.2221
-64.2226
-64.2231
-64.2237
-64.2242
-64.2247
-64.2252
-64.2258
-64.2263
-64.2268
-64.2273
-64.2278
-64.2284
-64.2289
-64.2294
-64.2299
-64.2304
-64.231
-64.2315
-64.232
-64.2325
-64.233
-64.2336
-64.2341
-64.2346
-64.2351
-64.2356
-64.2361
-64.2366
-64.2372
-64.2377
-64.2382
-64.2387
-64.2392
-64.2397
-64.2402
-64.2407
-64.2413
-64.2418
-64.2423
-64.2428
-64.2433
-64.2438
-64.2443
-64.2448
-64.2453
-64.2458
-64.2464
-64.2469
-64.2474
-64.2479
-64.2484
-64.2489
-64.2494
-64.2499
-64.2504
-64.2509
-64.2514
-64.2519
-64.2524
-64.2529
-64.2534
-64.2539
-64.2544
-64.2549
-64.2554
-64.2559
-64.2564
-64.2569
-64.2574
-64.2579
-64.2584
-64.2589
-64.2594
-64.2599
-64.2604
-64.2609
-64.2614
-64.2619
-64.2624
-64.2629
-64.2634
-64.2639
-64.2644
-64.2649
-64.2654
-64.2659
-64.2664
-64.2669
-64.2674
-64.2679
-64.2684
-64.2689
-64.2693
-64.2698
-64.2703
-64.2708
-64.2713
-64.2718
-64.2723
-64.2728
-64.2733
-64.2738
-64.2742
-64.2747
-64.2752
-64.2757
-64.2762
-64.2767
-64.2772
-64.2777
-64.2781
-64.2786
-64.2791
-64.2796
-64.2801
-64.2806
-64.281
-64.2815
-64.282
-64.2825
-64.283
-64.2835
-64.2839
-64.2844
-64.2849
-64.2854
-64.2859
-64.2863
-64.2868
-64.2873
-64.2878
-64.2883
-64.2887
-64.2892
-64.2897
-64.2902
-64.2906
-64.2911
-64.2916
-64.2921
-64.2925
-64.293
-64.2935
-64.294
-64.2944
-64.2949
-64.2954
-64.2959
-64.2963
-64.2968
-64.2973
-64.2977
-64.2982
-64.2987
-64.2992
-64.2996
-64.3001
-64.3006
-64.301
-64.3015
-64.302
-64.3024
-64.3029
-64.3034
-64.3038
-64.3043
-64.3048
-64.3052
-64.3057
-64.3061
-64.3066
-64.3071
-64.3075
-64.308
-64.3085
-64.3089
-64.3094
-64.3098
-64.3103
-64.3108
-64.3112
-64.3117
-64.3121
-64.3126
-64.3131
-64.3135
-64.314
-64.3144
-64.3149
-64.3154
-64.3158
-64.3163
-64.3167
-64.3172
-64.3176
-64.3181
-64.3185
-64.319
-64.3194
-64.3199
-64.3204
-64.3208
-64.3213
-64.3217
-64.3222
-64.3226
-64.3231
-64.3235
-64.324
-64.3244
-64.3249
-64.3253
-64.3258
-64.3262
-64.3267
-64.3271
-64.3275
-64.328
-64.3284
-64.3289
-64.3293
-64.3298
-64.3302
-64.3307
-64.3311
-64.3316
-64.332
-64.3324
-64.3329
-64.3333
-64.3338
-64.3342
-64.3347
-64.3351
-64.3355
-64.336
-64.3364
-64.3369
-64.3373
-64.3377
-64.3382
-64.3386
-64.3391
-64.3395
-64.3399
-64.3404
-64.3408
-64.3412
-64.3417
-64.3421
-64.3426
-64.343
-64.3434
-64.3439
-64.3443
-64.3447
-64.3452
-64.3456
-64.346
-64.3465
-64.3469
-64.3473
-64.3478
-64.3482
-64.3486
-64.3491
-64.3495
-64.3499
-64.3503
-64.3508
-64.3512
-64.3516
-64.3521
-64.3525
-64.3529
-64.3534
-64.3538
-64.3542
-64.3546
-64.3551
-64.3555
-64.3559
-64.3563
-64.3568
-64.3572
-64.3576
-64.358
-64.3585
-64.3589
-64.3593
-64.3597
-64.3602
-64.3606
-64.361
-64.3614
-64.3618
-64.3623
-64.3627
-64.3631
-64.3635
-64.364
-64.3644
-64.3648
-64.3652
-64.3656
-64.366
-64.3665
-64.3669
-64.3673
-64.3677
-64.3681
-64.3686
-64.369
-64.3694
-64.3698
-64.3702
-64.3706
-64.3711
-64.3715
-64.3719
-64.3723
-64.3727
-64.3731
-64.3735
-64.3739
-64.3744
-64.3748
-64.3752
-64.3756
-64.376
-64.3764
-64.3768
-64.3772
-64.3777
-64.3781
-64.3785
-64.3789
-64.3793
-64.3797
-64.3801
-64.3805
-64.3809
-64.3813
-64.3817
-64.3822
-64.3826
-64.383
-64.3834
-64.3838
-64.3842
-64.3846
-64.385
-64.3854
-64.3858
-64.3862
-64.3866
-64.387
-64.3874
-64.3878
-64.3882
-64.3886
-64.389
-64.3894
-64.3898
-64.3902
-64.3906
-64.391
-64.3914
-64.3918
-64.3922
-64.3926
-64.393
-64.3934
-64.3938
-64.3942
-64.3946
-64.395
-64.3954
-64.3958
-64.3962
-64.3966
-64.397
-64.3974
-64.3978
-64.3982
-64.3986
-64.399
-64.3994
-64.3998
-64.4002
-64.4006
-64.401
-64.4014
-64.4018
-64.4022
-64.4026
-64.403
-64.4033
-64.4037
-64.4041
-64.4045
-64.4049
-64.4053
-64.4057
-64.4061
-64.4065
-64.4069
-64.4073
-64.4077
-64.408
-64.4084
-64.4088
-64.4092
-64.4096
-64.41
-64.4104
-64.4108
-64.4111
-64.4115
-64.4119
-64.4123
-64.4127
-64.4131
-64.4135
-64.4139
-64.4142
-64.4146
-64.415
-64.4154
-64.4158
-64.4162
-64.4165
-64.4169
-64.4173
-64.4177
-64.4181
-64.4185
-64.4188
-64.4192
-64.4196
-64.42
-64.4204
-64.4207
-64.4211
-64.4215
-64.4219
-64.4223
-64.4226
-64.423
-64.4234
-64.4238
-64.4242
-64.4245
-64.4249
-64.4253
-64.4257
-64.426
-64.4264
-64.4268
-64.4272
-64.4276
-64.4279
-64.4283
-64.4287
-64.4291
-64.4294
-64.4298
-64.4302
-64.4306
-64.4309
-64.4313
-64.4317
-64.432
-64.4324
-64.4328
-64.4332
-64.4335
-64.4339
-64.4343
-64.4347
-64.435
-64.4354
-64.4358
-64.4361
-64.4365
-64.4369
-64.4372
-64.4376
-64.438
-64.4384
-64.4387
-64.4391
-64.4395
-64.4398
-64.4402
-64.4406
-64.4409
-64.4413
-64.4417
-64.442
-64.4424
-64.4428
-64.4431
-64.4435
-64.4439
-64.4442
-64.4446
-64.4449
-64.4453
-64.4457
-64.446
-64.4464
-64.4468
-64.4471
-64.4475
-64.4479
-64.4482
-64.4486
-64.4489
-64.4493
-64.4497
-64.45
-64.4504
-64.4507
-64.4511
-64.4515
-64.4518
-64.4522
-64.4525
-64.4529
-64.4533
-64.4536
-64.454
-64.4543
-64.4547
-64.4551
-64.4554
-64.4558
-64.4561
-64.4565
-64.4568
-64.4572
-64.4575
-64.4579
-64.4583
-64.4586
-64.459
-64.4593
-64.4597
-64.46
-64.4604
-64.4607
-64.4611
-64.4614
-64.4618
-64.4622
-64.4625
-64.4629
-64.4632
-64.4636
-64.4639
-64.4643
-64.4646
-64.465
-64.4653
-64.4657
-64.466
-64.4664
-64.4667
-64.4671
-64.4674
-64.4678
-64.4681
-64.4685
-64.4688
-64.4692
-64.4695
-64.4699
-64.4702
-64.4705
-64.4709
-64.4712
-64.4716
-64.4719
-64.4723
-64.4726
-64.473
-64.4733
-64.4737
-64.474
-64.4743
-64.4747
-64.475
-64.4754
-64.4757
-64.4761
-64.4764
-64.4768
-64.4771
-64.4774
-64.4778
-64.4781
-64.4785
-64.4788
-64.4791
-64.4795
-64.4798
-64.4802
-64.4805
-64.4808
-64.4812
-64.4815
-64.4819
-64.4822
-64.4825
-64.4829
-64.4832
-64.4836
-64.4839
-64.4842
-64.4846
-64.4849
-64.4852
-64.4856
-64.4859
-64.4863
-64.4866
-64.4869
-64.4873
-64.4876
-64.4879
-64.4883
-64.4886
-64.4889
-64.4893
-64.4896
-64.4899
-64.4903
-64.4906
-64.4909
-64.4913
-64.4916
-64.4919
-64.4923
-64.4926
-64.4929
-64.4933
-64.4936
-64.4939
-64.4943
-64.4946
-64.4949
-64.4953
-64.4956
-64.4959
-64.4962
-64.4966
-64.4969
-64.4972
-64.4976
-64.4979
-64.4982
-64.4985
-64.4989
-64.4992
-64.4995
-64.4999
-64.5002
-64.5005
-64.5008
-64.5012
-64.5015
-64.5018
-64.5021
-64.5025
-64.5028
-64.5031
-64.5034
-64.5038
-64.5041
-64.5044
-64.5047
-64.5051
-64.5054
-64.5057
-64.506
-64.5064
-64.5067
-64.507
-64.5073
-64.5076
-64.508
-64.5083
-64.5086
-64.5089
-64.5093
-64.5096
-64.5099
-64.5102
-64.5105
-64.5109
-64.5112
-64.5115
-64.5118
-64.5121
-64.5125
-64.5128
-64.5131
-64.5134
-64.5137
-64.514
-64.5144
-64.5147
-64.515
-64.5153
-64.5156
-64.5159
-64.5163
-64.5166
-64.5169
-64.5172
-64.5175
-64.5178
-64.5182
-64.5185
-64.5188
-64.5191
-64.5194
-64.5197
-64.52
-64.5204
-64.5207
-64.521
-64.5213
-64.5216
-64.5219
-64.5222
-64.5225
-64.5229
-64.5232
-64.5235
-64.5238
-64.5241
-64.5244
-64.5247
-64.525
-64.5253
-64.5257
-64.526
-64.5263
-64.5266
-64.5269
-64.5272
-64.5275
-64.5278
-64.5281
-64.5284
-64.5287
-64.529
-64.5293
-64.5297
-64.53
-64.5303
-64.5306
-64.5309
-64.5312
-64.5315
-64.5318
-64.5321
-64.5324
-64.5327
-64.533
-64.5333
-64.5336
-64.5339
-64.5342
-64.5345
-64.5348
-64.5351
-64.5354
-64.5357
-64.536
-64.5363
-64.5366
-64.5369
-64.5372
-64.5375
-64.5378
-64.5381
-64.5384
-64.5387
-64.539
-64.5393
-64.5396
-64.5399
-64.5401
-64.5404
-64.5407
-64.541
-64.5413
-64.5416
-64.5419
-64.5422
-64.5425
-64.5428
-64.5431
-64.5434
-64.5436
-64.5439
-64.5442
-64.5445
-64.5448
-64.5451
-64.5454
-64.5457
-64.5459
-64.5462
-64.5465
-64.5468
-64.5471
-64.5474
-64.5477
-64.5479
-64.5482
-64.5485
-64.5488
-64.5491
-64.5494
-64.5496
-64.5499
-64.5502
-64.5505
-64.5508
-64.551
-64.5513
-64.5516
-64.5519
-64.5522
-64.5524
-64.5527
-64.553
-64.5533
-64.5535
-64.5538
-64.5541
-64.5544
-64.5546
-64.5549
-64.5552
-64.5555
-64.5557
-64.556
-64.5563
-64.5566
-64.5568
-64.5571
-64.5574
-64.5577
-64.5579
-64.5582
-64.5585
-64.5587
-64.559
-64.5593
-64.5595
-64.5598
-64.5601
-64.5603
-64.5606
-64.5609
-64.5611
-64.5614
-64.5617
-64.5619
-64.5622
-64.5625
-64.5627
-64.563
-64.5633
-64.5635
-64.5638
-64.5641
-64.5643
-64.5646
-64.5649
-64.5651
-64.5654
-64.5656
-64.5659
-64.5662
-64.5664
-64.5667
-64.5669
-64.5672
-64.5675
-64.5677
-64.568
-64.5682
-64.5685
-64.5688
-64.569
-64.5693
-64.5695
-64.5698
-64.57
-64.5703
-64.5706
-64.5708
-64.5711
-64.5713
-64.5716
-64.5718
-64.5721
-64.5723
-64.5726
-64.5729
-64.5731
-64.5734
-64.5736
-64.5739
-64.5741
-64.5744
-64.5746
-64.5749
-64.5751
-64.5754
-64.5756
-64.5759
-64.5761
-64.5764
-64.5766
-64.5769
-64.5771
-64.5774
-64.5776
-64.5779
-64.5781
-64.5784
-64.5786
-64.5789
-64.5791
-64.5794
-64.5796
-64.5799
-64.5801
-64.5804
-64.5806
-64.5809
-64.5811
-64.5813
-64.5816
-64.5818
-64.5821
-64.5823
-64.5826
-64.5828
-64.5831
-64.5833
-64.5835
-64.5838
-64.584
-64.5843
-64.5845
-64.5848
-64.585
-64.5853
-64.5855
-64.5857
-64.586
-64.5862
-64.5865
-64.5867
-64.5869
-64.5872
-64.5874
-64.5877
-64.5879
-64.5881
-64.5884
-64.5886
-64.5889
-64.5891
-64.5893
-64.5896
-64.5898
-64.5901
-64.5903
-64.5905
-64.5908
-64.591
-64.5912
-64.5915
-64.5917
-64.592
-64.5922
-64.5924
-64.5927
-64.5929
-64.5931
-64.5934
-64.5936
-64.5939
-64.5941
-64.5943
-64.5946
-64.5948
-64.595
-64.5953
-64.5955
-64.5957
-64.596
-64.5962
-64.5964
-64.5967
-64.5969
-64.5971
-64.5974
-64.5976
-64.5978
-64.5981
-64.5983
-64.5985
-64.5988
-64.599
-64.5992
-64.5995
-64.5997
-64.5999
-64.6001
-64.6004
-64.6006
-64.6008
-64.6011
-64.6013
-64.6015
-64.6018
-64.602
-64.6022
-64.6024
-64.6027
-64.6029
-64.6031
-64.6034
-64.6036
-64.6038
-64.604
-64.6043
-64.6045
-64.6047
-64.6049
-64.6052
-64.6054
-64.6056
-64.6058
-64.6061
-64.6063
-64.6065
-64.6067
-64.607
-64.6072
-64.6074
-64.6076
-64.6078
-64.6081
-64.6083
-64.6085
-64.6087
-64.609
-64.6092
-64.6094
-64.6096
-64.6098
-64.6101
-64.6103
-64.6105
-64.6107
-64.6109
-64.6111
-64.6114
-64.6116
-64.6118
-64.612
-64.6122
-64.6125
-64.6127
-64.6129
-64.6131
-64.6133
-64.6135
-64.6137
-64.614
-64.6142
-64.6144
-64.6146
-64.6148
-64.615
-64.6152
-64.6155
-64.6157
-64.6159
-64.6161
-64.6163
-64.6165
-64.6167
-64.6169
-64.6172
-64.6174
-64.6176
-64.6178
-64.618
-64.6182
-64.6184
-64.6186
-64.6188
-64.619
-64.6193
-64.6195
-64.6197
-64.6199
-64.6201
-64.6203
-64.6205
-64.6207
-64.6209
-64.6211
-64.6213
-64.6215
-64.6218
-64.622
-64.6222
-64.6224
-64.6226
-64.6228
-64.623
-64.6232
-64.6234
-64.6236
-64.6238
-64.624
-64.6242
-64.6244
-64.6246
-64.6248
-64.625
-64.6252
-64.6254
-64.6256
-64.6258
-64.626
-64.6262
-64.6264
-64.6266
-64.6268
-64.627
-64.6272
-64.6274
-64.6276
-64.6278
-64.628
-64.6282
-64.6284
-64.6286
-64.6288
-64.629
-64.6292
-64.6294
-64.6296
-64.6298
-64.63
-64.6302
-64.6304
-64.6306
-64.6308
-64.631
-64.6312
-64.6314
-64.6316
-64.6318
-64.632
-64.6322
-64.6324
-64.6326
-64.6328
-64.633
-64.6331
-64.6333
-64.6335
-64.6337
-64.6339
-64.6341
-64.6343
-64.6345
-64.6347
-64.6349
-64.6351
-64.6353
-64.6355
-64.6356
-64.6358
-64.636
-64.6362
-64.6364
-64.6366
-64.6368
-64.637
-64.6372
-64.6374
-64.6375
-64.6377
-64.6379
-64.6381
-64.6383
-64.6385
-64.6387
-64.6389
-64.639
-64.6392
-64.6394
-64.6396
-64.6398
-64.64
-64.6402
-64.6403
-64.6405
-64.6407
-64.6409
-64.6411
-64.6413
-64.6415
-64.6416
-64.6418
-64.642
-64.6422
-64.6424
-64.6426
-64.6427
-64.6429
-64.6431
-64.6433
-64.6435
-64.6436
-64.6438
-64.644
-64.6442
-64.6444
-64.6445
-64.6447
-64.6449
-64.6451
-64.6453
-64.6454
-64.6456
-64.6458
-64.646
-64.6462
-64.6463
-64.6465
-64.6467
-64.6469
-64.647
-64.6472
-64.6474
-64.6476
-64.6478
-64.6479
-64.6481
-64.6483
-64.6485
-64.6486
-64.6488
-64.649
-64.6492
-64.6493
-64.6495
-64.6497
-64.6499
-64.65
-64.6502
-64.6504
-64.6505
-64.6507
-64.6509
-64.6511
-64.6512
-64.6514
-64.6516
-64.6518
-64.6519
-64.6521
-64.6523
-64.6524
-64.6526
-64.6528
-64.6529
-64.6531
-64.6533
-64.6535
-64.6536
-64.6538
-64.654
-64.6541
-64.6543
-64.6545
-64.6546
-64.6548
-64.655
-64.6551
-64.6553
-64.6555
-64.6557
-64.6558
-64.656
-64.6562
-64.6563
-64.6565
-64.6567
-64.6568
-64.657
-64.6572
-64.6573
-64.6575
-64.6576
-64.6578
-64.658
-64.6581
-64.6583
-64.6585
-64.6586
-64.6588
-64.659
-64.6591
-64.6593
-64.6595
-64.6596
-64.6598
-64.66
-64.6601
-64.6603
-64.6604
-64.6606
-64.6608
-64.6609
-64.6611
-64.6613
-64.6614
-64.6616
-64.6617
-64.6619
-64.6621
-64.6622
-64.6624
-64.6626
-64.6627
-64.6629
-64.663
-64.6632
-64.6634
-64.6635
-64.6637
-64.6638
-64.664
-64.6642
-64.6643
-64.6645
-64.6646
-64.6648
-64.665
-64.6651
-64.6653
-64.6654
-64.6656
-64.6658
-64.6659
-64.6661
-64.6662
-64.6664
-64.6666
-64.6667
-64.6669
-64.667
-64.6672
-64.6673
-64.6675
-64.6677
-64.6678
-64.668
-64.6681
-64.6683
-64.6684
-64.6686
-64.6688
-64.6689
-64.6691
-64.6692
-64.6694
-64.6695
-64.6697
-64.6699
-64.67
-64.6702
-64.6703
-64.6705
-64.6706
-64.6708
-64.6709
-64.6711
-64.6713
-64.6714
-64.6716
-64.6717
-64.6719
-64.672
-64.6722
-64.6723
-64.6725
-64.6727
-64.6728
-64.673
-64.6731
-64.6733
-64.6734
-64.6736
-64.6737
-64.6739
-64.674
-64.6742
-64.6743
-64.6745
-64.6747
-64.6748
-64.675
-64.6751
-64.6753
-64.6754
-64.6756
-64.6757
-64.6759
-64.676
-64.6762
-64.6763
-64.6765
-64.6766
-64.6768
-64.6769
-64.6771
-64.6772
-64.6774
-64.6776
-64.6777
-64.6779
-64.678
-64.6782
-64.6783
-64.6785
-64.6786
-64.6788
-64.6789
-64.6791
-64.6792
-64.6794
-64.6795
-64.6797
-64.6798
-64.68
-64.6801
-64.6803
-64.6804
-64.6806
-64.6807
-64.6809
-64.681
-64.6812
-64.6813
-64.6815
-64.6816
-64.6818
-64.6819
-64.6821
-64.6822
-64.6824
-64.6825
-64.6827
-64.6828
-64.683
-64.6831
-64.6833
-64.6834
-64.6836
-64.6837
-64.6839
-64.684
-64.6842
-64.6843
-64.6845
-64.6846
-64.6847
-64.6849
-64.685
-64.6852
-64.6853
-64.6855
-64.6856
-64.6858
-64.6859
-64.6861
-64.6862
-64.6864
-64.6865
-64.6867
-64.6868
-64.687
-64.6871
-64.6873
-64.6874
-64.6875
-64.6877
-64.6878
-64.688
-64.6881
-64.6883
-64.6884
-64.6886
-64.6887
-64.6889
-64.689
-64.6892
-64.6893
-64.6894
-64.6896
-64.6897
-64.6899
-64.69
-64.6902
-64.6903
-64.6905
-64.6906
-64.6908
-64.6909
-64.691
-64.6912
-64.6913
-64.6915
-64.6916
-64.6918
-64.6919
-64.6921
-64.6922
-64.6924
-64.6925
-64.6926
-64.6928
-64.6929
-64.6931
-64.6932
-64.6934
-64.6935
-64.6937
-64.6938
-64.6939
-64.6941
-64.6942
-64.6944
-64.6945
-64.6947
-64.6948
-64.6949
-64.6951
-64.6952
-64.6954
-64.6955
-64.6957
-64.6958
-64.6959
-64.6961
-64.6962
-64.6964
-64.6965
-64.6967
-64.6968
-64.6969
-64.6971
-64.6972
-64.6974
-64.6975
-64.6977
-64.6978
-64.6979
-64.6981
-64.6982
-64.6984
-64.6985
-64.6987
-64.6988
-64.6989
-64.6991
-64.6992
-64.6994
-64.6995
-64.6996
-64.6998
-64.6999
-64.7001
-64.7002
-64.7003
-64.7005
-64.7006
-64.7008
-64.7009
-64.7011
-64.7012
-64.7013
-64.7015
-64.7016
-64.7018
-64.7019
-64.702
-64.7022
-64.7023
-64.7025
-64.7026
-64.7027
-64.7029
-64.703
-64.7032
-64.7033
-64.7034
-64.7036
-64.7037
-64.7039
-64.704
-64.7041
-64.7043
-64.7044
-64.7046
-64.7047
-64.7048
-64.705
-64.7051
-64.7052
-64.7054
-64.7055
-64.7057
-64.7058
-64.7059
-64.7061
-64.7062
-64.7064
-64.7065
-64.7066
-64.7068
-64.7069
-64.707
-64.7072
-64.7073
-64.7075
-64.7076
-64.7077
-64.7079
-64.708
-64.7082
-64.7083
-64.7084
-64.7086
-64.7087
-64.7088
-64.709
-64.7091
-64.7093
-64.7094
-64.7095
-64.7097
-64.7098
-64.7099
-64.7101
-64.7102
-64.7103
-64.7105
-64.7106
-64.7108
-64.7109
-64.711
-64.7112
-64.7113
-64.7114
-64.7116
-64.7117
-64.7118
-64.712
-64.7121
-64.7123
-64.7124
-64.7125
-64.7127
-64.7128
-64.7129
-64.7131
-64.7132
-64.7133
-64.7135
-64.7136
-64.7137
-64.7139
-64.714
-64.7142
-64.7143
-64.7144
-64.7146
-64.7147
-64.7148
-64.715
-64.7151
-64.7152
-64.7154
-64.7155
-64.7156
-64.7158
-64.7159
-64.716
-64.7162
-64.7163
-64.7164
-64.7166
-64.7167
-64.7168
-64.717
-64.7171
-64.7172
-64.7174
-64.7175
-64.7176
-64.7178
-64.7179
-64.7181
-64.7182
-64.7183
-64.7185
-64.7186
-64.7187
-64.7189
-64.719
-64.7191
-64.7192
-64.7194
-64.7195
-64.7196
-64.7198
-64.7199
-64.72
-64.7202
-64.7203
-64.7204
-64.7206
-64.7207
-64.7208
-64.721
-64.7211
-64.7212
-64.7214
-64.7215
-64.7216
-64.7218
-64.7219
-64.722
-64.7222
-64.7223
-64.7224
-64.7226
-64.7227
-64.7228
-64.723
-64.7231
-64.7232
-64.7233
-64.7235
-64.7236
-64.7237
-64.7239
-64.724
-64.7241
-64.7243
-64.7244
-64.7245
-64.7247
-64.7248
-64.7249
-64.725
-64.7252
-64.7253
-64.7254
-64.7256
-64.7257
-64.7258
-64.726
-64.7261
-64.7262
-64.7264
-64.7265
-64.7266
-64.7267
-64.7269
-64.727
-64.7271
-64.7273
-64.7274
-64.7275
-64.7276
-64.7278
-64.7279
-64.728
-64.7282
-64.7283
-64.7284
-64.7286
-64.7287
-64.7288
-64.7289
-64.7291
-64.7292
-64.7293
-64.7295
-64.7296
-64.7297
-64.7298
-64.73
-64.7301
-64.7302
-64.7304
-64.7305
-64.7306
-64.7307
-64.7309
-64.731
-64.7311
-64.7313
-64.7314
-64.7315
-64.7316
-64.7318
-64.7319
-64.732
-64.7321
-64.7323
-64.7324
-64.7325
-64.7327
-64.7328
-64.7329
-64.733
-64.7332
-64.7333
-64.7334
-64.7335
-64.7337
-64.7338
-64.7339
-64.7341
-64.7342
-64.7343
-64.7344
-64.7346
-64.7347
-64.7348
-64.7349
-64.7351
-64.7352
-64.7353
-64.7354
-64.7356
-64.7357
-64.7358
-64.736
-64.7361
-64.7362
-64.7363
-64.7365
-64.7366
-64.7367
-64.7368
-64.737
-64.7371
-64.7372
-64.7373
-64.7375
-64.7376
-64.7377
-64.7378
-64.738
-64.7381
-64.7382
-64.7383
-64.7385
-64.7386
-64.7387
-64.7388
-64.739
-64.7391
-64.7392
-64.7393
-64.7395
-64.7396
-64.7397
-64.7398
-64.74
-64.7401
-64.7402
-64.7403
-64.7405
-64.7406
-64.7407
-64.7408
-64.7409
-64.7411
-64.7412
-64.7413
-64.7414
-64.7416
-64.7417
-64.7418
-64.7419
-64.7421
-64.7422
-64.7423
-64.7424
-64.7426
-64.7427
-64.7428
-64.7429
-64.743
-64.7432
-64.7433
-64.7434
-64.7435
-64.7437
-64.7438
-64.7439
-64.744
-64.7442
-64.7443
-64.7444
-64.7445
-64.7446
-64.7448
-64.7449
-64.745
-64.7451
-64.7453
-64.7454
-64.7455
-64.7456
-64.7457
-64.7459
-64.746
-64.7461
-64.7462
-64.7463
-64.7465
-64.7466
-64.7467
-64.7468
-64.747
-64.7471
-64.7472
-64.7473
-64.7474
-64.7476
-64.7477
-64.7478
-64.7479
-64.748
-64.7482
-64.7483
-64.7484
-64.7485
-64.7486
-64.7488
-64.7489
-64.749
-64.7491
-64.7493
-64.7494
-64.7495
-64.7496
-64.7497
-64.7499
-64.75
-64.7501
-64.7502
-64.7503
-64.7505
-64.7506
-64.7507
-64.7508
-64.7509
-64.7511
-64.7512
-64.7513
-64.7514
-64.7515
-64.7516
-64.7518
-64.7519
-64.752
-64.7521
-64.7522
-64.7524
-64.7525
-64.7526
-64.7527
-64.7528
-64.753
-64.7531
-64.7532
-64.7533
-64.7534
-64.7536
-64.7537
-64.7538
-64.7539
-64.754
-64.7541
-64.7543
-64.7544
-64.7545
-64.7546
-64.7547
-64.7549
-64.755
-64.7551
-64.7552
-64.7553
-64.7554
-64.7556
-64.7557
-64.7558
-64.7559
-64.756
-64.7561
-64.7563
-64.7564
-64.7565
-64.7566
-64.7567
-64.7568
-64.757
-64.7571
-64.7572
-64.7573
-64.7574
-64.7575
-64.7577
-64.7578
-64.7579
-64.758
-64.7581
-64.7582
-64.7584
-64.7585
-64.7586
-64.7587
-64.7588
-64.7589
-64.759
-64.7592
-64.7593
-64.7594
-64.7595
-64.7596
-64.7597
-64.7598
-64.76
-64.7601
-64.7602
-64.7603
-64.7604
-64.7605
-64.7606
-64.7608
-64.7609
-64.761
-64.7611
-64.7612
-64.7613
-64.7614
-64.7615
-64.7617
-64.7618
-64.7619
-64.762
-64.7621
-64.7622
-64.7623
-64.7624
-64.7625
-64.7627
-64.7628
-64.7629
-64.763
-64.7631
-64.7632
-64.7633
-64.7634
-64.7635
-64.7636
-64.7638
-64.7639
-64.764
-64.7641
-64.7642
-64.7643
-64.7644
-64.7645
-64.7646
-64.7647
-64.7648
-64.7649
-64.7651
-64.7652
-64.7653
-64.7654
-64.7655
-64.7656
-64.7657
-64.7658
-64.7659
-64.766
-64.7661
-64.7662
-64.7663
-64.7664
-64.7665
-64.7666
-64.7668
-64.7669
-64.767
-64.7671
-64.7672
-64.7673
-64.7674
-64.7675
-64.7676
-64.7677
-64.7678
-64.7679
-64.768
-64.7681
-64.7682
-64.7683
-64.7684
-64.7685
-64.7686
-64.7687
-64.7688
-64.7689
-64.769
-64.7691
-64.7693
-64.7694
-64.7695
-64.7696
-64.7697
-64.7698
-64.7699
-64.77
-64.7701
-64.7702
-64.7703
-64.7704
-64.7705
-64.7706
-64.7707
-64.7708
-64.7709
-64.771
-64.7711
-64.7712
-64.7713
-64.7714
-64.7715
-64.7716
-64.7717
-64.7718
-64.7719
-64.772
-64.7721
-64.7722
-64.7723
-64.7724
-64.7725
-64.7726
-64.7727
-64.7728
-64.7729
-64.773
-64.7731
-64.7732
-64.7733
-64.7734
-64.7735
-64.7736
-64.7737
-64.7738
-64.7739
-64.774
-64.7741
-64.7742
-64.7743
-64.7744
-64.7745
-64.7746
-64.7747
-64.7748
-64.7749
-64.775
-64.7751
-64.7752
-64.7753
-64.7754
-64.7754
-64.7755
-64.7756
-64.7757
-64.7758
-64.7759
-64.776
-64.7761
-64.7762
-64.7763
-64.7764
-64.7765
-64.7766
-64.7767
-64.7768
-64.7769
-64.777
-64.7771
-64.7772
-64.7773
-64.7774
-64.7775
-64.7776
-64.7777
-64.7778
-64.7779
-64.778
-64.778
-64.7781
-64.7782
-64.7783
-64.7784
-64.7785
-64.7786
-64.7787
-64.7788
-64.7789
-64.779
-64.7791
-64.7792
-64.7793
-64.7794
-64.7795
-64.7796
-64.7796
-64.7797
-64.7798
-64.7799
-64.78
-64.7801
-64.7802
-64.7803
-64.7804
-64.7805
-64.7806
-64.7807
-64.7808
-64.7808
-64.7809
-64.781
-64.7811
-64.7812
-64.7813
-64.7814
-64.7815
-64.7816
-64.7817
-64.7818
-64.7818
-64.7819
-64.782
-64.7821
-64.7822
-64.7823
-64.7824
-64.7825
-64.7826
-64.7827
-64.7827
-64.7828
-64.7829
-64.783
-64.7831
-64.7832
-64.7833
-64.7834
-64.7835
-64.7835
-64.7836
-64.7837
-64.7838
-64.7839
-64.784
-64.7841
-64.7842
-64.7842
-64.7843
-64.7844
-64.7845
-64.7846
-64.7847
-64.7848
-64.7849
-64.7849
-64.785
-64.7851
-64.7852
-64.7853
-64.7854
-64.7855
-64.7855
-64.7856
-64.7857
-64.7858
-64.7859
-64.786
-64.7861
-64.7861
-64.7862
-64.7863
-64.7864
-64.7865
-64.7866
-64.7867
-64.7867
-64.7868
-64.7869
-64.787
-64.7871
-64.7872
-64.7873
-64.7873
-64.7874
-64.7875
-64.7876
-64.7877
-64.7878
-64.7878
-64.7879
-64.788
-64.7881
-64.7882
-64.7883
-64.7884
-64.7884
-64.7885
-64.7886
-64.7887
-64.7888
-64.7889
-64.7889
-64.789
-64.7891
-64.7892
-64.7893
-64.7894
-64.7894
-64.7895
-64.7896
-64.7897
-64.7898
-64.7899
-64.7899
-64.79
-64.7901
-64.7902
-64.7903
-64.7903
-64.7904
-64.7905
-64.7906
-64.7907
-64.7908
-64.7908
-64.7909
-64.791
-64.7911
-64.7912
-64.7913
-64.7913
-64.7914
-64.7915
-64.7916
-64.7917
-64.7917
-64.7918
-64.7919
-64.792
-64.7921
-64.7922
-64.7922
-64.7923
-64.7924
-64.7925
-64.7926
-64.7926
-64.7927
-64.7928
-64.7929
-64.793
-64.793
-64.7931
-64.7932
-64.7933
-64.7934
-64.7934
-64.7935
-64.7936
-64.7937
-64.7938
-64.7939
-64.7939
-64.794
-64.7941
-64.7942
-64.7943
-64.7943
-64.7944
-64.7945
-64.7946
-64.7947
-64.7947
-64.7948
-64.7949
-64.795
-64.7951
-64.7951
-64.7952
-64.7953
-64.7954
-64.7955
-64.7955
-64.7956
-64.7957
-64.7958
-64.7959
-64.7959
-64.796
-64.7961
-64.7962
-64.7963
-64.7963
-64.7964
-64.7965
-64.7966
-64.7966
-64.7967
-64.7968
-64.7969
-64.797
-64.797
-64.7971
-64.7972
-64.7973
-64.7974
-64.7974
-64.7975
-64.7976
-64.7977
-64.7978
-64.7978
-64.7979
-64.798
-64.7981
-64.7981
-64.7982
-64.7983
-64.7984
-64.7985
-64.7985
-64.7986
-64.7987
-64.7988
-64.7989
-64.7989
-64.799
-64.7991
-64.7992
-64.7992
-64.7993
-64.7994
-64.7995
-64.7996
-64.7996
-64.7997
-64.7998
-64.7999
-64.8
-64.8
-64.8001
-64.8002
-64.8003
-64.8003
-64.8004
-64.8005
-64.8006
-64.8007
-64.8007
-64.8008
-64.8009
-64.801
-64.801
-64.8011
-64.8012
-64.8013
-64.8014
-64.8014
-64.8015
-64.8016
-64.8017
-64.8017
-64.8018
-64.8019
-64.802
-64.8021
-64.8021
-64.8022
-64.8023
-64.8024
-64.8024
-64.8025
-64.8026
-64.8027
-64.8027
-64.8028
-64.8029
-64.803
-64.8031
-64.8031
-64.8032
-64.8033
-64.8034
-64.8034
-64.8035
-64.8036
-64.8037
-64.8038
-64.8038
-64.8039
-64.804
-64.8041
-64.8041
-64.8042
-64.8043
-64.8044
-64.8044
-64.8045
-64.8046
-64.8047
-64.8047
-64.8048
-64.8049
-64.805
-64.8051
-64.8051
-64.8052
-64.8053
-64.8054
-64.8054
-64.8055
-64.8056
-64.8057
-64.8057
-64.8058
-64.8059
-64.806
-64.806
-64.8061
-64.8062
-64.8063
-64.8064
-64.8064
-64.8065
-64.8066
-64.8067
-64.8067
-64.8068
-64.8069
-64.807
-64.807
-64.8071
-64.8072
-64.8073
-64.8073
-64.8074
-64.8075
-64.8076
-64.8076
-64.8077
-64.8078
-64.8079
-64.808
-64.808
-64.8081
-64.8082
-64.8083
-64.8083
-64.8084
-64.8085
-64.8086
-64.8086
-64.8087
-64.8088
-64.8089
-64.8089
-64.809
-64.8091
-64.8092
-64.8092
-64.8093
-64.8094
-64.8095
-64.8095
-64.8096
-64.8097
-64.8098
-64.8098
-64.8099
-64.81
-64.8101
-64.8101
-64.8102
-64.8103
-64.8104
-64.8104
-64.8105
-64.8106
-64.8107
-64.8107
-64.8108
-64.8109
-64.811
-64.811
-64.8111
-64.8112
-64.8113
-64.8113
-64.8114
-64.8115
-64.8116
-64.8116
-64.8117
-64.8118
-64.8119
-64.8119
-64.812
-64.8121
-64.8122
-64.8122
-64.8123
-64.8124
-64.8125
-64.8125
-64.8126
-64.8127
-64.8128
-64.8128
-64.8129
-64.813
-64.8131
-64.8131
-64.8132
-64.8133
-64.8134
-64.8134
-64.8135
-64.8136
-64.8137
-64.8137
-64.8138
-64.8139
-64.814
-64.814
-64.8141
-64.8142
-64.8142
-64.8143
-64.8144
-64.8145
-64.8145
-64.8146
-64.8147
-64.8148
-64.8148
-64.8149
-64.815
-64.8151
-64.8151
-64.8152
-64.8153
-64.8154
-64.8154
-64.8155
-64.8156
-64.8157
-64.8157
-64.8158
-64.8159
-64.8159
-64.816
-64.8161
-64.8162
-64.8162
-64.8163
-64.8164
-64.8165
-64.8165
-64.8166
-64.8167
-64.8168
-64.8168
-64.8169
-64.817
-64.8171
-64.8171
-64.8172
-64.8173
-64.8173
-64.8174
-64.8175
-64.8176
-64.8176
-64.8177
-64.8178
-64.8179
-64.8179
-64.818
-64.8181
-64.8182
-64.8182
-64.8183
-64.8184
-64.8184
-64.8185
-64.8186
-64.8187
-64.8187
-64.8188
-64.8189
-64.819
-64.819
-64.8191
-64.8192
-64.8192
-64.8193
-64.8194
-64.8195
-64.8195
-64.8196
-64.8197
-64.8198
-64.8198
-64.8199
-64.82
-64.82
-64.8201
-64.8202
-64.8203
-64.8203
-64.8204
-64.8205
-64.8206
-64.8206
-64.8207
-64.8208
-64.8208
-64.8209
-64.821
-64.8211
-64.8211
-64.8212
-64.8213
-64.8214
-64.8214
-64.8215
-64.8216
-64.8216
-64.8217
-64.8218
-64.8219
-64.8219
-64.822
-64.8221
-64.8221
-64.8222
-64.8223
-64.8224
-64.8224
-64.8225
-64.8226
-64.8226
-64.8227
-64.8228
-64.8229
-64.8229
-64.823
-64.8231
-64.8232
-64.8232
-64.8233
-64.8234
-64.8234
-64.8235
-64.8236
-64.8237
-64.8237
-64.8238
-64.8239
-64.8239
-64.824
-64.8241
-64.8242
-64.8242
-64.8243
-64.8244
-64.8244
-64.8245
-64.8246
-64.8247
-64.8247
-64.8248
-64.8249
-64.8249
-64.825
-64.8251
-64.8252
-64.8252
-64.8253
-64.8254
-64.8254
-64.8255
-64.8256
-64.8257
-64.8257
-64.8258
-64.8259
-64.8259
-64.826
-64.8261
-64.8262
-64.8262
-64.8263
-64.8264
-64.8264
-64.8265
-64.8266
-64.8266
-64.8267
-64.8268
-64.8269
-64.8269
-64.827
-64.8271
-64.8271
-64.8272
-64.8273
-64.8274
-64.8274
-64.8275
-64.8276
-64.8276
-64.8277
-64.8278
-64.8279
-64.8279
-64.828
-64.8281
-64.8281
-64.8282
-64.8283
-64.8283
-64.8284
-64.8285
-64.8286
-64.8286
-64.8287
-64.8288
-64.8288
-64.8289
-64.829
-64.829
-64.8291
-64.8292
-64.8293
-64.8293
-64.8294
-64.8295
-64.8295
-64.8296
-64.8297
-64.8297
-64.8298
-64.8299
-64.83
-64.83
-64.8301
-64.8302
-64.8302
-64.8303
-64.8304
-64.8304
-64.8305
-64.8306
-64.8307
-64.8307
-64.8308
-64.8309
-64.8309
-64.831
-64.8311
-64.8311
-64.8312
-64.8313
-64.8314
-64.8314
-64.8315
-64.8316
-64.8316
-64.8317
-64.8318
-64.8318
-64.8319
-64.832
-64.832
-64.8321
-64.8322
-64.8323
-64.8323
-64.8324
-64.8325
-64.8325
-64.8326
-64.8327
-64.8327
-64.8328
-64.8329
-64.8329
-64.833
-64.8331
-64.8332
-64.8332
-64.8333
-64.8334
-64.8334
-64.8335
-64.8336
-64.8336
-64.8337
-64.8338
-64.8338
-64.8339
-64.834
-64.8341
-64.8341
-64.8342
-64.8343
-64.8343
-64.8344
-64.8345
-64.8345
-64.8346
-64.8347
-64.8347
-64.8348
-64.8349
-64.8349
-64.835
-64.8351
-64.8352
-64.8352
-64.8353
-64.8354
-64.8354
-64.8355
-64.8356
-64.8356
-64.8357
-64.8358
-64.8358
-64.8359
-64.836
-64.836
-64.8361
-64.8362
-64.8362
-64.8363
-64.8364
-64.8364
-64.8365
-64.8366
-64.8367
-64.8367
-64.8368
-64.8369
-64.8369
-64.837
-64.8371
-64.8371
-64.8372
-64.8373
-64.8373
-64.8374
-64.8375
-64.8375
-64.8376
-64.8377
-64.8377
-64.8378
-64.8379
-64.8379
-64.838
-64.8381
-64.8381
-64.8382
-64.8383
-64.8383
-64.8384
-64.8385
-64.8385
-64.8386
-64.8387
-64.8387
-64.8388
-64.8389
-64.8389
-64.839
-64.8391
-64.8391
-64.8392
-64.8393
-64.8393
-64.8394
-64.8394
-64.8395
-64.8396
-64.8396
-64.8397
-64.8398
-64.8398
-64.8399
-64.84
-64.84
-64.8401
-64.8402
-64.8402
-64.8403
-64.8403
-64.8404
-64.8405
-64.8405
-64.8406
-64.8407
-64.8407
-64.8408
-64.8409
-64.8409
-64.841
-64.841
-64.8411
-64.8412
-64.8412
-64.8413
-64.8414
-64.8414
-64.8415
-64.8415
-64.8416
-64.8417
-64.8417
-64.8418
-64.8418
-64.8419
-64.842
-64.842
-64.8421
-64.8422
-64.8422
-64.8423
-64.8423
-64.8424
-64.8425
-64.8425
-64.8426
-64.8426
-64.8427
-64.8428
-64.8428
-64.8429
-64.8429
-64.843
-64.8431
-64.8431
-64.8432
-64.8432
-64.8433
-64.8434
-64.8434
-64.8435
-64.8435
-64.8436
-64.8437
-64.8437
-64.8438
-64.8438
-64.8439
-64.844
-64.844
-64.8441
-64.8441
-64.8442
-64.8443
-64.8443
-64.8444
-64.8444
-64.8445
-64.8446
-64.8446
-64.8447
-64.8447
-64.8448
-64.8448
-64.8449
-64.845
-64.845
-64.8451
-64.8451
-64.8452
-64.8452
-64.8453
-64.8454
-64.8454
-64.8455
-64.8455
-64.8456
-64.8456
-64.8457
-64.8458
-64.8458
-64.8459
-64.8459
-64.846
-64.846
-64.8461
-64.8461
-64.8462
-64.8463
-64.8463
-64.8464
-64.8464
-64.8465
-64.8465
-64.8466
-64.8466
-64.8467
-64.8467
-64.8468
-64.8469
-64.8469
-64.847
-64.847
-64.8471
-64.8471
-64.8472
-64.8472
-64.8473
-64.8473
-64.8474
-64.8475
-64.8475
-64.8476
-64.8476
-64.8477
-64.8477
-64.8478
-64.8478
-64.8479
-64.8479
-64.848
-64.848
-64.8481
-64.8481
-64.8482
-64.8482
-64.8483
-64.8484
-64.8484
-64.8485
-64.8485
-64.8486
-64.8486
-64.8487
-64.8487
-64.8488
-64.8488
-64.8489
-64.8489
-64.849
-64.849
-64.8491
-64.8491
-64.8492
-64.8492
-64.8493
-64.8493
-64.8494
-64.8494
-64.8495
-64.8495
-64.8496
-64.8496
-64.8497
-64.8497
-64.8498
-64.8498
-64.8499
-64.8499
-64.85
-64.85
-64.8501
-64.8501
-64.8502
-64.8503
-64.8503
-64.8504
-64.8504
-64.8505
-64.8505
-64.8506
-64.8506
-64.8507
-64.8507
-64.8508
-64.8508
-64.8509
-64.8509
-64.851
-64.851
-64.8511
-64.8511
-64.8512
-64.8512
-64.8512
-64.8513
-64.8513
-64.8514
-64.8514
-64.8515
-64.8515
-64.8516
-64.8516
-64.8517
-64.8517
-64.8518
-64.8518
-64.8519
-64.8519
-64.852
-64.852
-64.8521
-64.8521
-64.8522
-64.8522
-64.8523
-64.8523
-64.8524
-64.8524
-64.8525
-64.8525
-64.8526
-64.8526
-64.8527
-64.8527
-64.8528
-64.8528
-64.8529
-64.8529
-64.853
-64.853
-64.8531
-64.8531
-64.8532
-64.8532
-64.8533
-64.8533
-64.8534
-64.8534
-64.8534
-64.8535
-64.8535
-64.8536
-64.8536
-64.8537
-64.8537
-64.8538
-64.8538
-64.8539
-64.8539
-64.854
-64.854
-64.8541
-64.8541
-64.8542
-64.8542
-64.8543
-64.8543
-64.8544
-64.8544
-64.8545
-64.8545
-64.8546
-64.8546
-64.8547
-64.8547
-64.8547
-64.8548
-64.8548
-64.8549
-64.8549
-64.855
-64.855
-64.8551
-64.8551
-64.8552
-64.8552
-64.8553
-64.8553
-64.8554
-64.8554
-64.8555
-64.8555
-64.8556
-64.8556
-64.8557
-64.8557
-64.8557
-64.8558
-64.8558
-64.8559
-64.8559
-64.856
-64.856
-64.8561
-64.8561
-64.8562
-64.8562
-64.8563
-64.8563
-64.8564
-64.8564
-64.8565
-64.8565
-64.8566
-64.8566
-64.8566
-64.8567
-64.8567
-64.8568
-64.8568
-64.8569
-64.8569
-64.857
-64.857
-64.8571
-64.8571
-64.8572
-64.8572
-64.8573
-64.8573
-64.8574
-64.8574
-64.8574
-64.8575
-64.8575
-64.8576
-64.8576
-64.8577
-64.8577
-64.8578
-64.8578
-64.8579
-64.8579
-64.858
-64.858
-64.8581
-64.8581
-64.8582
-64.8582
-64.8582
-64.8583
-64.8583
-64.8584
-64.8584
-64.8585
-64.8585
-64.8586
-64.8586
-64.8587
-64.8587
-64.8588
-64.8588
-64.8589
-64.8589
-64.859
-64.859
-64.859
-64.8591
-64.8591
-64.8592
-64.8592
-64.8593
-64.8593
-64.8594
-64.8594
-64.8595
-64.8595
-64.8596
-64.8596
-64.8597
-64.8597
-64.8597
-64.8598
-64.8598
-64.8599
-64.8599
-64.86
-64.86
-64.8601
-64.8601
-64.8602
-64.8602
-64.8603
-64.8603
-64.8604
-64.8604
-64.8604
-64.8605
-64.8605
-64.8606
-64.8606
-64.8607
-64.8607
-64.8608
-64.8608
-64.8609
-64.8609
-64.861
-64.861
-64.8611
-64.8611
-64.8611
-64.8612
-64.8612
-64.8613
-64.8613
-64.8614
-64.8614
-64.8615
-64.8615
-64.8616
-64.8616
-64.8617
-64.8617
-64.8617
-64.8618
-64.8618
-64.8619
-64.8619
-64.862
-64.862
-64.8621
-64.8621
-64.8622
-64.8622
-64.8623
-64.8623
-64.8624
-64.8624
-64.8624
-64.8625
-64.8625
-64.8626
-64.8626
-64.8627
-64.8627
-64.8628
-64.8628
-64.8629
-64.8629
-64.863
-64.863
-64.863
-64.8631
-64.8631
-64.8632
-64.8632
-64.8633
-64.8633
-64.8634
-64.8634
-64.8635
-64.8635
-64.8636
-64.8636
-64.8637
-64.8637
-64.8637
-64.8638
-64.8638
-64.8639
-64.8639
-64.864
-64.864
-64.8641
-64.8641
-64.8642
-64.8642
-64.8643
-64.8643
-64.8643
-64.8644
-64.8644
-64.8645
-64.8645
-64.8646
-64.8646
-64.8647
-64.8647
-64.8648
-64.8648
-64.8649
-64.8649
-64.8649
-64.865
-64.865
-64.8651
-64.8651
-64.8652
-64.8652
-64.8653
-64.8653
-64.8654
-64.8654
-64.8655
-64.8655
-64.8655
-64.8656
-64.8656
-64.8657
-64.8657
-64.8658
-64.8658
-64.8659
-64.8659
-64.866
-64.866
-64.8661
-64.8661
-64.8661
-64.8662
-64.8662
-64.8663
-64.8663
-64.8664
-64.8664
-64.8665
-64.8665
-64.8666
-64.8666
-64.8667
-64.8667
-64.8667
-64.8668
-64.8668
-64.8669
-64.8669
-64.867
-64.867
-64.8671
-64.8671
-64.8672
-64.8672
-64.8673
-64.8673
-64.8673
-64.8674
-64.8674
-64.8675
-64.8675
-64.8676
-64.8676
-64.8677
-64.8677
-64.8678
-64.8678
-64.8678
-64.8679
-64.8679
-64.868
-64.868
-64.8681
-64.8681
-64.8682
-64.8682
-64.8683
-64.8683
-64.8684
-64.8684
-64.8684
-64.8685
-64.8685
-64.8686
-64.8686
-64.8687
-64.8687
-64.8688
-64.8688
-64.8688
-64.8689
-64.8689
-64.869
-64.869
-64.8691
-64.8691
-64.8692
-64.8692
-64.8692
-64.8693
-64.8693
-64.8694
-64.8694
-64.8695
-64.8695
-64.8696
-64.8696
-64.8696
-64.8697
-64.8697
-64.8698
-64.8698
-64.8699
-64.8694
-64.8686
-64.8675
-64.8661
-64.8644
-64.8625
-64.8603
-64.8578
-64.8551
-64.8522
-64.8491
-64.8458
-64.8423
-64.8386
-64.8347
-64.8306
-64.8264
-64.822
-64.8175
-64.8128
-64.808
-64.8031
-64.798
-64.7929
-64.7876
-64.7822
-64.7767
-64.7711
-64.7655
-64.7597
-64.7539
-64.748
-64.7421
-64.7361
-64.73
-64.7239
-64.7177
-64.7115
-64.7052
-64.6989
-64.6926
-64.6862
-64.6798
-64.6734
-64.667
-64.6605
-64.6541
-64.6476
-64.6411
-64.6346
-64.6281
-64.6216
-64.6151
-64.6086
-64.6021
-64.5956
-64.5891
-64.5827
-64.5762
-64.5698
-64.5634
-64.557
-64.5506
-64.5442
-64.5379
-64.5316
-64.5253
-64.519
-64.5128
-64.5066
-64.5004
-64.4942
-64.4881
-64.482
-64.476
-64.47
-64.464
-64.458
-64.4521
-64.4463
-64.4404
-64.4347
-64.4289
-64.4232
-64.4175
-64.4119
-64.4063
-64.4008
-64.3953
-64.3898
-64.3844
-64.379
-64.3737
-64.3684
-64.3632
-64.358
-64.3528
-64.3477
-64.3427
-64.3377
-64.3327
-64.3278
-64.3229
-64.3181
-64.3133
-64.3086
-64.3039
-64.2992
-64.2946
-64.2901
-64.2855
-64.2811
-64.2767
-64.2723
-64.268
-64.2637
-64.2594
-64.2552
-64.2511
-64.247
-64.2429
-64.2389
-64.235
-64.231
-64.2272
-64.2233
-64.2195
-64.2158
-64.2121
-64.2084
-64.2048
-64.2012
-64.1977
-64.1942
-64.1907
-64.1873
-64.1839
-64.1806
-64.1773
-64.1741
-64.1709
-64.1677
-64.1646
-64.1615
-64.1584
-64.1554
-64.1525
-64.1495
-64.1466
-64.1438
-64.141
-64.1382
-64.1354
-64.1327
-64.13
-64.1274
-64.1248
-64.1222
-64.1197
-64.1172
-64.1148
-64.1123
-64.11
-64.1076
-64.1053
-64.103
-64.1007
-64.0985
-64.0963
-64.0941
-64.092
-64.0899
-64.0879
-64.0858
-64.0838
-64.0818
-64.0799
-64.078
-64.0761
-64.0742
-64.0724
-64.0706
-64.0688
-64.0671
-64.0654
-64.0637
-64.062
-64.0604
-64.0588
-64.0572
-64.0557
-64.0541
-64.0526
-64.0512
-64.0497
-64.0483
-64.0469
-64.0455
-64.0442
-64.0428
-64.0415
-64.0402
-64.039
-64.0377
-64.0365
-64.0353
-64.0342
-64.033
-64.0319
-64.0308
-64.0297
-64.0287
-64.0276
-64.0266
-64.0256
-64.0246
-64.0237
-64.0227
-64.0218
-64.0209
-64.02
-64.0191
-64.0183
-64.0175
-64.0167
-64.0159
-64.0151
-64.0144
-64.0136
-64.0129
-64.0122
-64.0115
-64.0108
-64.0102
-64.0095
-64.0089
-64.0083
-64.0077
-64.0072
-64.0066
-64.0061
-64.0055
-64.005
-64.0045
-64.004
-64.0036
-64.0031
-64.0027
-64.0022
-64.0018
-64.0014
-64.001
-64.0006
-64.0003
-63.9999
-63.9996
-63.9993
-63.999
-63.9987
-63.9984
-63.9981
-63.9978
-63.9976
-63.9973
-63.9971
-63.9969
-63.9967
-63.9965
-63.9963
-63.9961
-63.996
-63.9958
-63.9957
-63.9955
-63.9954
-63.9953
-63.9952
-63.9951
-63.995
-63.9949
-63.9949
-63.9948
-63.9948
-63.9947
-63.9947
-63.9947
-63.9947
-63.9947
-63.9947
-63.9947
-63.9947
-63.9947
-63.9948
-63.9948
-63.9949
-63.9949
-63.995
-63.9951
-63.9952
-63.9952
-63.9953
-63.9955
-63.9956
-63.9957
-63.9958
-63.9959
-63.9961
-63.9962
-63.9964
-63.9965
-63.9967
-63.9969
-63.9971
-63.9972
-63.9974
-63.9976
-63.9978
-63.998
-63.9982
-63.9985
-63.9987
-63.9989
-63.9992
-63.9994
-63.9996
-63.9999
-64.0002
-64.0004
-64.0007
-64.001
-64.0012
-64.0015
-64.0018
-64.0021
-64.0024
-64.0027
-64.003
-64.0033
-64.0036
-64.0039
-64.0043
-64.0046
-64.0049
-64.0052
-64.0056
-64.0059
-64.0063
-64.0066
-64.007
-64.0073
-64.0077
-64.0081
-64.0084
-64.0088
-64.0092
-64.0096
-64.0099
-64.0103
-64.0107
-64.0111
-64.0115
-64.0119
-64.0123
-64.0127
-64.0131
-64.0135
-64.014
-64.0144
-64.0148
-64.0152
-64.0156
-64.0161
-64.0165
-64.0169
-64.0174
-64.0178
-64.0183
-64.0187
-64.0192
-64.0196
-64.0201
-64.0205
-64.021
-64.0214
-64.0219
-64.0223
-64.0228
-64.0233
-64.0238
-64.0242
-64.0247
-64.0252
-64.0257
-64.0261
-64.0266
-64.0271
-64.0276
-64.0281
-64.0286
-64.0291
-64.0295
-64.03
-64.0305
-64.031
-64.0315
-64.032
-64.0325
-64.033
-64.0335
-64.0341
-64.0346
-64.0351
-64.0356
-64.0361
-64.0366
-64.0371
-64.0376
-64.0382
-64.0387
-64.0392
-64.0397
-64.0402
-64.0408
-64.0413
-64.0418
-64.0424
-64.0429
-64.0434
-64.0439
-64.0445
-64.045
-64.0455
-64.0461
-64.0466
-64.0472
-64.0477
-64.0482
-64.0488
-64.0493
-64.0499
-64.0504
-64.0509
-64.0515
-64.052
-64.0526
-64.0531
-64.0537
-64.0542
-64.0548
-64.0553
-64.0559
-64.0564
-64.057
-64.0575
-64.0581
-64.0586
-64.0592
-64.0598
-64.0603
-64.0609
-64.0614
-64.062
-64.0625
-64.0631
-64.0637
-64.0642
-64.0648
-64.0653
-64.0659
-64.0665
-64.067
-64.0676
-64.0682
-64.0687
-64.0693
-64.0698
-64.0704
-64.071
-64.0715
-64.0721
-64.0727
-64.0732
-64.0738
-64.0744
-64.0749
-64.0755
-64.0761
-64.0766
-64.0772
-64.0778
-64.0784
-64.0789
-64.0795
-64.0801
-64.0806
-64.0812
-64.0818
-64.0823
-64.0829
-64.0835
-64.0841
-64.0846
-64.0852
-64.0858
-64.0864
-64.0869
-64.0875
-64.0881
-64.0886
-64.0892
-64.0898
-64.0904
-64.0909
-64.0915
-64.0921
-64.0927
-64.0932
-64.0938
-64.0944
-64.095
-64.0955
-64.0961
-64.0967
-64.0972
-64.0978
-64.0984
-64.099
-64.0995
-64.1001
-64.1007
-64.1013
-64.1018
-64.1024
-64.103
-64.1036
-64.1041
-64.1047
-64.1053
-64.1059
-64.1064
-64.107
-64.1076
-64.1082
-64.1087
-64.1093
-64.1099
-64.1105
-64.111
-64.1116
-64.1122
-64.1127
-64.1133
-64.1139
-64.1145
-64.115
-64.1156
-64.1162
-64.1168
-64.1173
-64.1179
-64.1185
-64.119
-64.1196
-64.1202
-64.1208
-64.1213
-64.1219
-64.1225
-64.123
-64.1236
-64.1242
-64.1248
-64.1253
-64.1259
-64.1265
-64.127
-64.1276
-64.1282
-64.1287
-64.1293
-64.1299
-64.1305
-64.131
-64.1316
-64.1322
-64.1327
-64.1333
-64.1339
-64.1344
-64.135
-64.1356
-64.1361
-64.1367
-64.1373
-64.1378
-64.1384
-64.139
-64.1395
-64.1401
-64.1407
-64.1412
-64.1418
-64.1424
-64.1429
-64.1435
-64.144
-64.1446
-64.1452
-64.1457
-64.1463
-64.1469
-64.1474
-64.148
-64.1485
-64.1491
-64.1497
-64.1502
-64.1508
-64.1514
-64.1519
-64.1525
-64.153
-64.1536
-64.1541
-64.1547
-64.1553
-64.1558
-64.1564
-64.1569
-64.1575
-64.1581
-64.1586
-64.1592
-64.1597
-64.1603
-64.1608
-64.1614
-64.1619
-64.1625
-64.1631
-64.1636
-64.1642
-64.1647
-64.1653
-64.1658
-64.1664
-64.1669
-64.1675
-64.168
-64.1686
-64.1691
-64.1697
-64.1702
-64.1708
-64.1713
-64.1719
-64.1724
-64.173
-64.1735
-64.1741
-64.1746
-64.1752
-64.1757
-64.1763
-64.1768
-64.1774
-64.1779
-64.1785
-64.179
-64.1796
-64.1801
-64.1807
-64.1812
-64.1817
-64.1823
-64.1828
-64.1834
-64.1839
-64.1845
-64.185
-64.1855
-64.1861
-64.1866
-64.1872
-64.1877
-64.1883
-64.1888
-64.1893
-64.1899
-64.1904
-64.191
-64.1915
-64.192
-64.1926
-64.1931
-64.1936
-64.1942
-64.1947
-64.1953
-64.1958
-64.1963
-64.1969
-64.1974
-64.1979
-64.1985
-64.199
-64.1995
-64.2001
-64.2006
-64.2011
-64.2017
-64.2022
-64.2027
-64.2033
-64.2038
-64.2043
-64.2048
-64.2054
-64.2059
-64.2064
-64.207
-64.2075
-64.208
-64.2085
-64.2091
-64.2096
-64.2101
-64.2106
-64.2112
-64.2117
-64.2122
-64.2127
-64.2133
-64.2138
-64.2143
-64.2148
-64.2154
-64.2159
-64.2164
-64.2169
-64.2174
-64.218
-64.2185
-64.219
-64.2195
-64.22
-64.2205
-64.2211
-64.2216
-64.2221
-64.2226
-64.2231
-64.2236
-64.2241
-64.2247
-64.2252
-64.2257
-64.2262
-64.2267
-64.2272
-64.2277
-64.2282
-64.2288
-64.2293
-64.2298
-64.2303
-64.2308
-64.2313
-64.2318
-64.2323
-64.2328
-64.2333
-64.2338
-64.2343
-64.2348
-64.2353
-64.2358
-64.2363
-64.2368
-64.2373
-64.2378
-64.2383
-64.2388
-64.2393
-64.2398
-64.2403
-64.2408
-64.2413
-64.2418
-64.2423
-64.2428
-64.2433
-64.2438
-64.2443
-64.2448
-64.2453
-64.2458
-64.2463
-64.2468
-64.2473
-64.2478
-64.2483
-64.2488
-64.2493
-64.2498
-64.2502
-64.2507
-64.2512
-64.2517
-64.2522
-64.2527
-64.2532
-64.2537
-64.2542
-64.2546
-64.2551
-64.2556
-64.2561
-64.2566
-64.2571
-64.2576
-64.258
-64.2585
-64.259
-64.2595
-64.26
-64.2605
-64.2609
-64.2614
-64.2619
-64.2624
-64.2629
-64.2633
-64.2638
-64.2643
-64.2648
-64.2653
-64.2657
-64.2662
-64.2667
-64.2672
-64.2676
-64.2681
-64.2686
-64.2691
-64.2695
-64.27
-64.2705
-64.271
-64.2714
-64.2719
-64.2724
-64.2729
-64.2733
-64.2738
-64.2743
-64.2747
-64.2752
-64.2757
-64.2762
-64.2766
-64.2771
-64.2776
-64.278
-64.2785
-64.279
-64.2794
-64.2799
-64.2804
-64.2808
-64.2813
-64.2818
-64.2822
-64.2827
-64.2832
-64.2836
-64.2841
-64.2845
-64.285
-64.2855
-64.2859
-64.2864
-64.2869
-64.2873
-64.2878
-64.2882
-64.2887
-64.2892
-64.2896
-64.2901
-64.2905
-64.291
-64.2915
-64.2919
-64.2924
-64.2928
-64.2933
-64.2937
-64.2942
-64.2946
-64.2951
-64.2956
-64.296
-64.2965
-64.2969
-64.2974
-64.2978
-64.2983
-64.2987
-64.2992
-64.2996
-64.3001
-64.3005
-64.301
-64.3014
-64.3019
-64.3023
-64.3028
-64.3032
-64.3037
-64.3041
-64.3046
-64.305
-64.3055
-64.3059
-64.3064
-64.3068
-64.3073
-64.3077
-64.3082
-64.3086
-64.309
-64.3095
-64.3099
-64.3104
-64.3108
-64.3113
-64.3117
-64.3122
-64.3126
-64.313
-64.3135
-64.3139
-64.3144
-64.3148
-64.3152
-64.3157
-64.3161
-64.3166
-64.317
-64.3174
-64.3179
-64.3183
-64.3187
-64.3192
-64.3196
-64.32
-64.3205
-64.3209
-64.3214
-64.3218
-64.3222
-64.3227
-64.3231
-64.3235
-64.3239
-64.3244
-64.3248
-64.3252
-64.3257
-64.3261
-64.3265
-64.327
-64.3274
-64.3278
-64.3283
-64.3287
-64.3291
-64.3295
-64.33
-64.3304
-64.3308
-64.3312
-64.3317
-64.3321
-64.3325
-64.3329
-64.3334
-64.3338
-64.3342
-64.3346
-64.3351
-64.3355
-64.3359
-64.3363
-64.3367
-64.3372
-64.3376
-64.338
-64.3384
-64.3388
-64.3393
-64.3397
-64.3401
-64.3405
-64.3409
-64.3414
-64.3418
-64.3422
-64.3426
-64.343
-64.3434
-64.3439
-64.3443
-64.3447
-64.3451
-64.3455
-64.3459
-64.3463
-64.3468
-64.3472
-64.3476
-64.348
-64.3484
-64.3488
-64.3492
-64.3496
-64.3501
-64.3505
-64.3509
-64.3513
-64.3517
-64.3521
-64.3525
-64.3529
-64.3533
-64.3537
-64.3541
-64.3545
-64.355
-64.3554
-64.3558
-64.3562
-64.3566
-64.357
-64.3574
-64.3578
-64.3582
-64.3586
-64.359
-64.3594
-64.3598
-64.3602
-64.3606
-64.361
-64.3614
-64.3618
-64.3622
-64.3626
-64.363
-64.3634
-64.3638
-64.3642
-64.3646
-64.365
-64.3654
-64.3658
-64.3662
-64.3666
-64.367
-64.3674
-64.3678
-64.3682
-64.3686
-64.369
-64.3694
-64.3698
-64.3702
-64.3706
-64.371
-64.3714
-64.3718
-64.3722
-64.3725
-64.3729
-64.3733
-64.3737
-64.3741
-64.3745
-64.3749
-64.3753
-64.3757
-64.3761
-64.3765
-64.3769
-64.3772
-64.3776
-64.378
-64.3784
-64.3788
-64.3792
-64.3796
-64.38
-64.3804
-64.3807
-64.3811
-64.3815
-64.3819
-64.3823
-64.3827
-64.3831
-64.3835
-64.3838
-64.3842
-64.3846
-64.385
-64.3854
-64.3858
-64.3861
-64.3865
-64.3869
-64.3873
-64.3877
-64.3881
-64.3884
-64.3888
-64.3892
-64.3896
-64.39
-64.3903
-64.3907
-64.3911
-64.3915
-64.3919
-64.3922
-64.3926
-64.393
-64.3934
-64.3938
-64.3941
-64.3945
-64.3949
-64.3953
-64.3956
-64.396
-64.3964
-64.3968
-64.3972
-64.3975
-64.3979
-64.3983
-64.3987
-64.399
-64.3994
-64.3998
-64.4002
-64.4005
-64.4009
-64.4013
-64.4016
-64.402
-64.4024
-64.4028
-64.4031
-64.4035
-64.4039
-64.4043
-64.4046
-64.405
-64.4054
-64.4057
-64.4061
-64.4065
-64.4068
-64.4072
-64.4076
-64.408
-64.4083
-64.4087
-64.4091
-64.4094
-64.4098
-64.4102
-64.4105
-64.4109
-64.4113
-64.4116
-64.412
-64.4124
-64.4127
-64.4131
-64.4135
-64.4138
-64.4142
-64.4145
-64.4149
-64.4153
-64.4156
-64.416
-64.4164
-64.4167
-64.4171
-64.4175
-64.4178
-64.4182
-64.4185
-64.4189
-64.4193
-64.4196
-64.42
-64.4203
-64.4207
-64.4211
-64.4214
-64.4218
-64.4221
-64.4225
-64.4229
-64.4232
-64.4236
-64.4239
-64.4243
-64.4246
-64.425
-64.4254
-64.4257
-64.4261
-64.4264
-64.4268
-64.4271
-64.4275
-64.4279
-64.4282
-64.4286
-64.4289
-64.4293
-64.4296
-64.43
-64.4303
-64.4307
-64.431
-64.4314
-64.4318
-64.4321
-64.4325
-64.4328
-64.4332
-64.4335
-64.4339
-64.4342
-64.4346
-64.4349
-64.4353
-64.4356
-64.436
-64.4363
-64.4367
-64.437
-64.4374
-64.4377
-64.4381
-64.4384
-64.4388
-64.4391
-64.4395
-64.4398
-64.4402
-64.4405
-64.4408
-64.4412
-64.4415
-64.4419
-64.4422
-64.4426
-64.4429
-64.4433
-64.4436
-64.444
-64.4443
-64.4446
-64.445
-64.4453
-64.4457
-64.446
-64.4464
-64.4467
-64.4471
-64.4474
-64.4477
-64.4481
-64.4484
-64.4488
-64.4491
-64.4494
-64.4498
-64.4501
-64.4505
-64.4508
-64.4511
-64.4515
-64.4518
-64.4522
-64.4525
-64.4528
-64.4532
-64.4535
-64.4539
-64.4542
-64.4545
-64.4549
-64.4552
-64.4556
-64.4559
-64.4562
-64.4566
-64.4569
-64.4572
-64.4576
-64.4579
-64.4582
-64.4586
-64.4589
-64.4592
-64.4596
-64.4599
-64.4603
-64.4606
-64.4609
-64.4613
-64.4616
-64.4619
-64.4623
-64.4626
-64.4629
-64.4633
-64.4636
-64.4639
-64.4642
-64.4646
-64.4649
-64.4652
-64.4656
-64.4659
-64.4662
-64.4666
-64.4669
-64.4672
-64.4676
-64.4679
-64.4682
-64.4685
-64.4689
-64.4692
-64.4695
-64.4699
-64.4702
-64.4705
-64.4708
-64.4712
-64.4715
-64.4718
-64.4721
-64.4725
-64.4728
-64.4731
-64.4734
-64.4738
-64.4741
-64.4744
-64.4748
-64.4751
-64.4754
-64.4757
-64.476
-64.4764
-64.4767
-64.477
-64.4773
-64.4777
-64.478
-64.4783
-64.4786
-64.479
-64.4793
-64.4796
-64.4799
-64.4802
-64.4806
-64.4809
-64.4812
-64.4815
-64.4818
-64.4822
-64.4825
-64.4828
-64.4831
-64.4834
-64.4838
-64.4841
-64.4844
-64.4847
-64.485
-64.4854
-64.4857
-64.486
-64.4863
-64.4866
-64.4869
-64.4873
-64.4876
-64.4879
-64.4882
-64.4885
-64.4888
-64.4892
-64.4895
-64.4898
-64.4901
-64.4904
-64.4907
-64.4911
-64.4914
-64.4917
-64.492
-64.4923
-64.4926
-64.4929
-64.4932
-64.4936
-64.4939
-64.4942
-64.4945
-64.4948
-64.4951
-64.4954
-64.4957
-64.4961
-64.4964
-64.4967
-64.497
-64.4973
-64.4976
-64.4979
-64.4982
-64.4985
-64.4988
-64.4992
-64.4995
-64.4998
-64.5001
-64.5004
-64.5007
-64.501
-64.5013
-64.5016
-64.5019
-64.5022
-64.5025
-64.5028
-64.5031
-64.5035
-64.5038
-64.5041
-64.5044
-64.5047
-64.505
-64.5053
-64.5056
-64.5059
-64.5062
-64.5065
-64.5068
-64.5071
-64.5074
-64.5077
-64.508
-64.5083
-64.5086
-64.5089
-64.5092
-64.5095
-64.5098
-64.5101
-64.5104
-64.5107
-64.511
-64.5113
-64.5116
-64.5119
-64.5122
-64.5125
-64.5128
-64.5131
-64.5134
-64.5137
-64.514
-64.5143
-64.5146
-64.5149
-64.5152
-64.5155
-64.5158
-64.5161
-64.5164
-64.5166
-64.5169
-64.5172
-64.5175
-64.5178
-64.5181
-64.5184
-64.5187
-64.519
-64.5193
-64.5196
-64.5199
-64.5202
-64.5204
-64.5207
-64.521
-64.5213
-64.5216
-64.5219
-64.5222
-64.5225
-64.5228
-64.5231
-64.5233
-64.5236
-64.5239
-64.5242
-64.5245
-64.5248
-64.5251
-64.5254
-64.5256
-64.5259
-64.5262
-64.5265
-64.5268
-64.5271
-64.5274
-64.5276
-64.5279
-64.5282
-64.5285
-64.5288
-64.5291
-64.5294
-64.5296
-64.5299
-64.5302
-64.5305
-64.5308
-64.5311
-64.5313
-64.5316
-64.5319
-64.5322
-64.5325
-64.5327
-64.533
-64.5333
-64.5336
-64.5339
-64.5341
-64.5344
-64.5347
-64.535
-64.5353
-64.5355
-64.5358
-64.5361
-64.5364
-64.5367
-64.5369
-64.5372
-64.5375
-64.5378
-64.538
-64.5383
-64.5386
-64.5389
-64.5392
-64.5394
-64.5397
-64.54
-64.5403
-64.5405
-64.5408
-64.5411
-64.5414
-64.5416
-64.5419
-64.5422
-64.5425
-64.5427
-64.543
-64.5433
-64.5435
-64.5438
-64.5441
-64.5444
-64.5446
-64.5449
-64.5452
-64.5455
-64.5457
-64.546
-64.5463
-64.5465
-64.5468
-64.5471
-64.5474
-64.5476
-64.5479
-64.5482
-64.5484
-64.5487
-64.549
-64.5492
-64.5495
-64.5498
-64.55
-64.5503
-64.5506
-64.5508
-64.5511
-64.5514
-64.5517
-64.5519
-64.5522
-64.5525
-64.5527
-64.553
-64.5533
-64.5535
-64.5538
-64.5541
-64.5543
-64.5546
-64.5548
-64.5551
-64.5554
-64.5556
-64.5559
-64.5562
-64.5564
-64.5567
-64.557
-64.5572
-64.5575
-64.5578
-64.558
-64.5583
-64.5585
-64.5588
-64.5591
-64.5593
-64.5596
-64.5599
-64.5601
-64.5604
-64.5606
-64.5609
-64.5612
-64.5614
-64.5617
-64.5619
-64.5622
-64.5625
-64.5627
-64.563
-64.5632
-64.5635
-64.5638
-64.564
-64.5643
-64.5645
-64.5648
-64.565
-64.5653
-64.5656
-64.5658
-64.5661
-64.5663
-64.5666
-64.5669
-64.5671
-64.5674
-64.5676
-64.5679
-64.5681
-64.5684
-64.5686
-64.5689
-64.5692
-64.5694
-64.5697
-64.5699
-64.5702
-64.5704
-64.5707
-64.5709
-64.5712
-64.5715
-64.5717
-64.572
-64.5722
-64.5725
-64.5727
-64.573
-64.5732
-64.5735
-64.5737
-64.574
-64.5742
-64.5745
-64.5747
-64.575
-64.5752
-64.5755
-64.5757
-64.576
-64.5763
-64.5765
-64.5768
-64.577
-64.5773
-64.5775
-64.5778
-64.578
-64.5783
-64.5785
-64.5788
-64.579
-64.5793
-64.5795
-64.5797
-64.58
-64.5802
-64.5805
-64.5807
-64.581
-64.5812
-64.5815
-64.5817
-64.582
-64.5822
-64.5825
-64.5827
-64.583
-64.5832
-64.5835
-64.5837
-64.584
-64.5842
-64.5844
-64.5847
-64.5849
-64.5852
-64.5854
-64.5857
-64.5859
-64.5862
-64.5864
-64.5866
-64.5869
-64.5871
-64.5874
-64.5876
-64.5879
-64.5881
-64.5883
-64.5886
-64.5888
-64.5891
-64.5893
-64.5895
-64.5898
-64.59
-64.5903
-64.5905
-64.5908
-64.591
-64.5912
-64.5915
-64.5917
-64.5919
-64.5922
-64.5924
-64.5927
-64.5929
-64.5931
-64.5934
-64.5936
-64.5938
-64.5941
-64.5943
-64.5946
-64.5948
-64.595
-64.5953
-64.5955
-64.5957
-64.596
-64.5962
-64.5964
-64.5967
-64.5969
-64.5971
-64.5974
-64.5976
-64.5978
-64.5981
-64.5983
-64.5985
-64.5988
-64.599
-64.5992
-64.5995
-64.5997
-64.5999
-64.6002
-64.6004
-64.6006
-64.6009
-64.6011
-64.6013
-64.6016
-64.6018
-64.602
-64.6022
-64.6025
-64.6027
-64.6029
-64.6032
-64.6034
-64.6036
-64.6039
-64.6041
-64.6043
-64.6045
-64.6048
-64.605
-64.6052
-64.6054
-64.6057
-64.6059
-64.6061
-64.6064
-64.6066
-64.6068
-64.607
-64.6073
-64.6075
-64.6077
-64.6079
-64.6082
-64.6084
-64.6086
-64.6088
-64.6091
-64.6093
-64.6095
-64.6097
-64.6099
-64.6102
-64.6104
-64.6106
-64.6108
-64.6111
-64.6113
-64.6115
-64.6117
-64.612
-64.6122
-64.6124
-64.6126
-64.6128
-64.6131
-64.6133
-64.6135
-64.6137
-64.6139
-64.6142
-64.6144
-64.6146
-64.6148
-64.615
-64.6153
-64.6155
-64.6157
-64.6159
-64.6161
-64.6164
-64.6166
-64.6168
-64.617
-64.6172
-64.6174
-64.6177
-64.6179
-64.6181
-64.6183
-64.6185
-64.6187
-64.619
-64.6192

