-65
-65
-65
-65
-65
-65
-65
-65
-65
-65
-65
-65
-65
-65
-65
-65
-65
-65
-65
-65
-65
-65
-65
-65
-65
-65
-65
-65
-65
-65
-65
-65
-65
-65
-65
-65
-65
-65
-65
-65
-65
-65
-65
-65
-65
-65
-65
-65
-65
-65
-65
-65
-65
-65
-65
-65
-65
-65
-65
-65
-65
-65
-65
-65
-65
-65
-65
-65
-65
-65
-65
-65
-65
-65
-65
-65
-65
-65
-65
-65
-65
-65
-65
-65
-65
-65
-65
-65
-65
-65
-65
-65
-65
-65
-65
-65
-65
-65
-65
-65
-65
-65
-65
-65
-65
-65
-65
-65
-65
-65
-65
-65
-65
-65
-65
-65
-65
-65
-65
-65
-65
-65
-65
-65
-65
-65
-65
-65
-65
-65
-65
-65
-65
-65
-65
-65
-65
-65
-65
-65
-65
-65
-65
-65
-65
-65
-65
-65
-65
-65
-65
-65
-65
-65
-65
-65
-65
-65
-65
-65
-65
-65
-65
-65
-65
-65
-65
-65
-65
-65
-65
-65
-65
-65
-65
-65
-65
-65
-65
-65
-65
-65
-65
-65
-65
-65
-65
-65
-65
-65
-65
-65
-65
-65
-65
-65
-65
-65
-65
-65
-65
-65
-65
-65
-65
-65
-65
-65
-65
-65
-65
-65
-65
-65
-65
-65
-65
-65
-65
-65
-65
-65
-65
-65
-65
-65
-65
-65
-65
-65
-65
-65
-65
-65
-65
-65
-65
-65
-65
-65
-65
-65
-65
-65
-65
-65
-65
-65
-65
-65
-65
-65
-65
-65
-65
-65
-65
-65
-65
-65
-65
-65
-65
-65
-65
-65
-65
-65
-65
-65
-65
-65
-65
-65
-65
-65
-65
-65
-65
-65
-65
-65
-65
-65
-65
-65
-65
-65
-65
-65
-65
-65
-65
-65
-65
-65
-65
-65
-65
-65
-65
-65
-65
-65
-65
-65
-65
-65
-65
-65
-65
-65
-65
-65
-65
-65
-65
-65
-65
-65
-65
-65
-65
-65
-65
-65
-65
-65
-65
-65
-65
-65
-65
-65
-65
-64.9999
-64.9999
-64.9999
-64.9999
-64.9999
-64.9999
-64.9999
-64.9999
-64.9999
-64.9999
-64.9999
-64.9999
-64.9999
-64.9999
-64.9999
-64.9999
-64.9999
-64.9999
-64.9999
-64.9999
-64.9999
-64.9999
-64.9999
-64.9999
-64.9999
-64.9999
-64.9998
-64.9998
-64.9998
-64.9998
-64.9998
-64.9998
-64.9998
-64.9998
-64.9998
-64.9998
-64.9998
-64.9998
-64.9998
-64.9998
-64.9998
-64.9997
-64.9997
-64.9997
-64.9997
-64.9997
-64.9997
-64.9997
-64.9997
-64.9997
-64.9997
-64.9997
-64.9996
-64.9996
-64.9996
-64.9996
-64.9996
-64.9996
-64.9996
-64.9996
-64.9996
-64.9996
-64.9996
-64.9995
-64.9995
-64.9995
-64.9995
-64.9995
-64.9995
-64.9995
-64.9995
-64.9995
-64.9994
-64.9994
-64.9994
-64.9994
-64.9994
-64.9994
-64.9994
-64.9994
-64.9993
-64.9993
-64.9993
-64.9993
-64.9993
-64.9993
-64.9993
-64.9993
-64.9992
-64.9992
-64.9992
-64.9992
-64.9992
-64.9992
-64.9992
-64.9992
-64.9991
-64.9991
-64.9991
-64.9991
-64.9991
-64.9991
-64.9991
-64.999
-64.999
-64.999
-64.999
-64.999
-64.999
-64.999
-64.9989
-64.9989
-64.9989
-64.9989
-64.9989
-64.9989
-64.9988
-64.9988
-64.9988
-64.9988
-64.9988
-64.9988
-64.9988
-64.9987
-64.9987
-64.9987
-64.9987
-64.9987
-64.9987
-64.9986
-64.9986
-64.9986
-64.9986
-64.9986
-64.9986
-64.9986
-64.9985
-64.9985
-64.9985
-64.9985
-64.9985
-64.9985
-64.9984
-64.9984
-64.9984
-64.9984
-64.9984
-64.9984
-64.9983
-64.9983
-64.9983
-64.9983
-64.9983
-64.9983
-64.9982
-64.9982
-64.9982
-64.9982
-64.9982
-64.9982
-64.9981
-64.9981
-64.9981
-64.9981
-64.9981
-64.998
-64.998
-64.998
-64.998
-64.998
-64.998
-64.9979
-64.9979
-64.9979
-64.9979
-64.9979
-64.9979
-64.9978
-64.9978
-64.9978
-64.9978
-64.9978
-64.9978
-64.9977
-64.9977
-64.9977
-64.9977
-64.9977
-64.9976
-64.9976
-64.9976
-64.9976
-64.9976
-64.9976
-64.9975
-64.9975
-64.9975
-64.9975
-64.9975
-64.9975
-64.9974
-64.9974
-64.9974
-64.9974
-64.9974
-64.9973
-64.9973
-64.9973
-64.9973
-64.9973
-64.9973
-64.9972
-64.9972
-64.9972
-64.9972
-64.9972
-64.9972
-64.9971
-64.9971
-64.9971
-64.9971
-64.9971
-64.997
-64.997
-64.997
-64.997
-64.997
-64.997
-64.9969
-64.9969
-64.9969
-64.9969
-64.9969
-64.9968
-64.9968
-64.9968
-64.9968
-64.9968
-64.9968
-64.9967
-64.9967
-64.9967
-64.9967
-64.9967
-64.9967
-64.9966
-64.9966
-64.9966
-64.9966
-64.9966
-64.9965
-64.9965
-64.9965
-64.9965
-64.9965
-64.9965
-64.9964
-64.9964
-64.9964
-64.9964
-64.9964
-64.9963
-64.9963
-64.9963
-64.9963
-64.9963
-64.9963
-64.9962
-64.9962
-64.9962
-64.9962
-64.9962
-64.9962
-64.9961
-64.9961
-64.9961
-64.9961
-64.9961
-64.996
-64.996
-64.996
-64.996
-64.996
-64.996
-64.9959
-64.9959
-64.9959
-64.9959
-64.9959
-64.9959
-64.9958
-64.9958
-64.9958
-64.9958
-64.9958
-64.9958
-64.9957
-64.9957
-64.9957
-64.9957
-64.9957
-64.9956
-64.9956
-64.9956
-64.9956
-64.9956
-64.9956
-64.9955
-64.9955
-64.9955
-64.9955
-64.9955
-64.9955
-64.9954
-64.9954
-64.9954
-64.9954
-64.9954
-64.9954
-64.9953
-64.9953
-64.9953
-64.9953
-64.9953
-64.9953
-64.9952
-64.9952
-64.9952
-64.9952
-64.9952
-64.9952
-64.9951
-64.9951
-64.9951
-64.9951
-64.9951
-64.9951
-64.995
-64.995
-64.995
-64.995
-64.995
-64.995
-64.9949
-64.9949
-64.9949
-64.9949
-64.9949
-64.9949
-64.9948
-64.9948
-64.9948
-64.9948
-64.9948
-64.9948
-64.9947
-64.9947
-64.9947
-64.9947
-64.9947
-64.9947
-64.9946
-64.9946
-64.9946
-64.9946
-64.9946
-64.9946
-64.9945
-64.9945
-64.9945
-64.9945
-64.9945
-64.9945
-64.9944
-64.9944
-64.9944
-64.9944
-64.9944
-64.9944
-64.9943
-64.9943
-64.9943
-64.9943
-64.9943
-64.9943
-64.9943
-64.9942
-64.9942
-64.9942
-64.9942
-64.9942
-64.9942
-64.9941
-64.9941
-64.9941
-64.9941
-64.9941
-64.9941
-64.994
-64.994
-64.994
-64.994
-64.994
-64.994
-64.994
-64.9939
-64.9939
-64.9939
-64.9939
-64.9939
-64.9939
-64.9938
-64.9938
-64.9938
-64.9938
-64.9938
-64.9938
-64.9938
-64.9937
-64.9937
-64.9937
-64.9937
-64.9937
-64.9937
-64.9936
-64.9936
-64.9936
-64.9936
-64.9936
-64.9936
-64.9936
-64.9935
-64.9935
-64.9935
-64.9935
-64.9935
-64.9935
-64.9935
-64.9934
-64.9934
-64.9934
-64.9934
-64.9934
-64.9934
-64.9933
-64.9933
-64.9933
-64.9933
-64.9933
-64.9933
-64.9933
-64.9932
-64.9932
-64.9932
-64.9932
-64.9932
-64.9932
-64.9932
-64.9931
-64.9931
-64.9931
-64.9931
-64.9931
-64.9931
-64.9931
-64.993
-64.993
-64.993
-64.993
-64.993
-64.993
-64.993
-64.9929
-64.9929
-64.9929
-64.9929
-64.9929
-64.9929
-64.9929
-64.9928
-64.9928
-64.9928
-64.9928
-64.9928
-64.9928
-64.9928
-64.9927
-64.9927
-64.9927
-64.9927
-64.9927
-64.9927
-64.9927
-64.9926
-64.9926
-64.9926
-64.9926
-64.9926
-64.9926
-64.9926
-64.9925
-64.9925
-64.9925
-64.9925
-64.9925
-64.9925
-64.9925
-64.9925
-64.9924
-64.9924
-64.9924
-64.9924
-64.9924
-64.9924
-64.9924
-64.9923
-64.9923
-64.9923
-64.9923
-64.9923
-64.9923
-64.9923
-64.9923
-64.9922
-64.9922
-64.9922
-64.9922
-64.9922
-64.9922
-64.9922
-64.9921
-64.9921
-64.9921
-64.9921
-64.9921
-64.9921
-64.9921
-64.9921
-64.992
-64.992
-64.992
-64.992
-64.992
-64.992
-64.992
-64.9919
-64.9919
-64.9919
-64.9919
-64.9919
-64.9919
-64.9919
-64.9919
-64.9918
-64.9918
-64.9918
-64.9918
-64.9918
-64.9918
-64.9918
-64.9918
-64.9917
-64.9917
-64.9917
-64.9917
-64.9917
-64.9917
-64.9917
-64.9917
-64.9916
-64.9916
-64.9916
-64.9916
-64.9916
-64.9916
-64.9916
-64.9916
-64.9915
-64.9915
-64.9915
-64.9915
-64.9915
-64.9915
-64.9915
-64.9915
-64.9914
-64.9914
-64.9914
-64.9914
-64.9914
-64.9914
-64.9914
-64.9914
-64.9913
-64.9913
-64.9913
-64.9913
-64.9913
-64.9913
-64.9913
-64.9913
-64.9913
-64.9912
-64.9912
-64.9912
-64.9912
-64.9912
-64.9912
-64.9912
-64.9912
-64.9911
-64.9911
-64.9911
-64.9911
-64.9911
-64.9911
-64.9911
-64.9911
-64.9911
-64.991
-64.991
-64.991
-64.991
-64.991
-64.991
-64.991
-64.991
-64.9909
-64.9909
-64.9909
-64.9909
-64.9909
-64.9909
-64.9909
-64.9909
-64.9909
-64.9908
-64.9908
-64.9908
-64.9908
-64.9908
-64.9908
-64.9908
-64.9908
-64.9908
-64.9907
-64.9907
-64.9907
-64.9907
-64.9907
-64.9907
-64.9907
-64.9907
-64.9906
-64.9906
-64.9906
-64.9906
-64.9906
-64.9906
-64.9906
-64.9906
-64.9906
-64.9905
-64.9905
-64.9905
-64.9905
-64.9905
-64.9905
-64.9905
-64.9905
-64.9905
-64.9905
-64.9904
-64.9904
-64.9904
-64.9904
-64.9904
-64.9904
-64.9904
-64.9904
-64.9904
-64.9903
-64.9903
-64.9903
-64.9903
-64.9903
-64.9903
-64.9903
-64.9903
-64.9903
-64.9902
-64.9902
-64.9902
-64.9902
-64.9902
-64.9902
-64.9902
-64.9902
-64.9902
-64.9902
-64.9901
-64.9901
-64.9901
-64.9901
-64.9901
-64.9901
-64.9901
-64.9901
-64.9901
-64.99
-64.99
-64.99
-64.99
-64.99
-64.99
-64.99
-64.99
-64.99
-64.99
-64.9899
-64.9899
-64.9899
-64.9899
-64.9899
-64.9899
-64.9899
-64.9899
-64.9899
-64.9899
-64.9898
-64.9898
-64.9898
-64.9898
-64.9898
-64.9898
-64.9898
-64.9898
-64.9898
-64.9898
-64.9897
-64.9897
-64.9897
-64.9897
-64.9897
-64.9897
-64.9897
-64.9897
-64.9897
-64.9897
-64.9896
-64.9896
-64.9896
-64.9896
-64.9896
-64.9896
-64.9896
-64.9896
-64.9896
-64.9896
-64.9895
-64.9895
-64.9895
-64.9895
-64.9895
-64.9895
-64.9895
-64.9895
-64.9895
-64.9895
-64.9895
-64.9894
-64.9894
-64.9894
-64.9894
-64.9894
-64.9894
-64.9894
-64.9894
-64.9894
-64.9894
-64.9893
-64.9893
-64.9893
-64.9893
-64.9893
-64.9893
-64.9893
-64.9893
-64.9893
-64.9893
-64.9893
-64.9892
-64.9892
-64.9892
-64.9892
-64.9892
-64.9892
-64.9892
-64.9892
-64.9892
-64.9892
-64.9892
-64.9891
-64.9891
-64.9891
-64.9891
-64.9891
-64.9891
-64.9891
-64.9891
-64.9891
-64.9891
-64.9891
-64.989
-64.989
-64.989
-64.989
-64.989
-64.989
-64.989
-64.989
-64.989
-64.989
-64.989
-64.9889
-64.9889
-64.9889
-64.9889
-64.9889
-64.9889
-64.9889
-64.9889
-64.9889
-64.9889
-64.9889
-64.9889
-64.9888
-64.9888
-64.9888
-64.9888
-64.9888
-64.9888
-64.9888
-64.9888
-64.9888
-64.9888
-64.9888
-64.9887
-64.9887
-64.9887
-64.9887
-64.9887
-64.9887
-64.9887
-64.9887
-64.9887
-64.9887
-64.9887
-64.9887
-64.9886
-64.9886
-64.9886
-64.9886
-64.9886
-64.9886
-64.9886
-64.9886
-64.9886
-64.9886
-64.9886
-64.9886
-64.9885
-64.9885
-64.9885
-64.9885
-64.9885
-64.9885
-64.9885
-64.9885
-64.9885
-64.9885
-64.9885
-64.9885
-64.9884
-64.9884
-64.9884
-64.9884
-64.9884
-64.9884
-64.9884
-64.9884
-64.9884
-64.9884
-64.9884
-64.9884
-64.9883
-64.9883
-64.9883
-64.9883
-64.9883
-64.9883
-64.9883
-64.9883
-64.9883
-64.9883
-64.9883
-64.9883
-64.9883
-64.9882
-64.9882
-64.9882
-64.9882
-64.9882
-64.9882
-64.9882
-64.9882
-64.9882
-64.9882
-64.9882
-64.9882
-64.9882
-64.9881
-64.9881
-64.9881
-64.9881
-64.9881
-64.9881
-64.9881
-64.9881
-64.9881
-64.9881
-64.9881
-64.9881
-64.988
-64.988
-64.988
-64.988
-64.988
-64.988
-64.988
-64.988
-64.988
-64.988
-64.988
-64.988
-64.9879
-64.9879
-64.9879
-64.9879
-64.9879
-64.9879
-64.9879
-64.9879
-64.9879
-64.9879
-64.9878
-64.9878
-64.9878
-64.9878
-64.9878
-64.9878
-64.9878
-64.9878
-64.9878
-64.9877
-64.9877
-64.9877
-64.9877
-64.9877
-64.9877
-64.9877
-64.9877
-64.9876
-64.9876
-64.9876
-64.9876
-64.9876
-64.9876
-64.9876
-64.9876
-64.9875
-64.9875
-64.9875
-64.9875
-64.9875
-64.9875
-64.9875
-64.9874
-64.9874
-64.9874
-64.9874
-64.9874
-64.9874
-64.9874
-64.9873
-64.9873
-64.9873
-64.9873
-64.9873
-64.9873
-64.9872
-64.9872
-64.9872
-64.9872
-64.9872
-64.9872
-64.9871
-64.9871
-64.9871
-64.9871
-64.9871
-64.9871
-64.987
-64.987
-64.987
-64.987
-64.987
-64.987
-64.9869
-64.9869
-64.9869
-64.9869
-64.9869
-64.9869
-64.9868
-64.9868
-64.9868
-64.9868
-64.9868
-64.9867
-64.9867
-64.9867
-64.9867
-64.9867
-64.9866
-64.9866
-64.9866
-64.9866
-64.9866
-64.9865
-64.9865
-64.9865
-64.9865
-64.9865
-64.9865
-64.9864
-64.9864
-64.9864
-64.9864
-64.9864
-64.9863
-64.9863
-64.9863
-64.9863
-64.9862
-64.9862
-64.9862
-64.9862
-64.9862
-64.9861
-64.9861
-64.9861
-64.9861
-64.9861
-64.986
-64.986
-64.986
-64.986
-64.986
-64.9859
-64.9859
-64.9859
-64.9859
-64.9859
-64.9858
-64.9858
-64.9858
-64.9858
-64.9857
-64.9857
-64.9857
-64.9857
-64.9857
-64.9856
-64.9856
-64.9856
-64.9856
-64.9856
-64.9855
-64.9855
-64.9855
-64.9855
-64.9854
-64.9854
-64.9854
-64.9854
-64.9854
-64.9853
-64.9853
-64.9853
-64.9853
-64.9852
-64.9852
-64.9852
-64.9852
-64.9852
-64.9851
-64.9851
-64.9851
-64.9851
-64.985
-64.985
-64.985
-64.985
-64.985
-64.9849
-64.9849
-64.9849
-64.9849
-64.9848
-64.9848
-64.9848
-64.9848
-64.9848
-64.9847
-64.9847
-64.9847
-64.9847
-64.9846
-64.9846
-64.9846
-64.9846
-64.9845
-64.9845
-64.9845
-64.9845
-64.9845
-64.9844
-64.9844
-64.9844
-64.9844
-64.9843
-64.9843
-64.9843
-64.9843
-64.9843
-64.9842
-64.9842
-64.9842
-64.9842
-64.9841
-64.9841
-64.9841
-64.9841
-64.9841
-64.984
-64.984
-64.984
-64.984
-64.9839
-64.9839
-64.9839
-64.9839
-64.9839
-64.9838
-64.9838
-64.9838
-64.9838
-64.9837
-64.9837
-64.9837
-64.9837
-64.9836
-64.9836
-64.9836
-64.9836
-64.9836
-64.9835
-64.9835
-64.9835
-64.9835
-64.9834
-64.9834
-64.9834
-64.9834
-64.9834
-64.9833
-64.9833
-64.9833
-64.9833
-64.9832
-64.9832
-64.9832
-64.9832
-64.9832
-64.9831
-64.9831
-64.9831
-64.9831
-64.983
-64.983
-64.983
-64.983
-64.983
-64.9829
-64.9829
-64.9829
-64.9829
-64.9828
-64.9828
-64.9828
-64.9828
-64.9828
-64.9827
-64.9827
-64.9827
-64.9827
-64.9827
-64.9826
-64.9826
-64.9826
-64.9826
-64.9825
-64.9825
-64.9825
-64.9825
-64.9825
-64.9824
-64.9824
-64.9824
-64.9824
-64.9823
-64.9823
-64.9823
-64.9823
-64.9823
-64.9822
-64.9822
-64.9822
-64.9822
-64.9822
-64.9821
-64.9821
-64.9821
-64.9821
-64.982
-64.982
-64.982
-64.982
-64.982
-64.9819
-64.9819
-64.9819
-64.9819
-64.9819
-64.9818
-64.9818
-64.9818
-64.9818
-64.9818
-64.9817
-64.9817
-64.9817
-64.9817
-64.9816
-64.9816
-64.9816
-64.9816
-64.9816
-64.9815
-64.9815
-64.9815
-64.9815
-64.9815
-64.9814
-64.9814
-64.9814
-64.9814
-64.9814
-64.9813
-64.9813
-64.9813
-64.9813
-64.9813
-64.9812
-64.9812
-64.9812
-64.9812
-64.9812
-64.9811
-64.9811
-64.9811
-64.9811
-64.9811
-64.981
-64.981
-64.981
-64.981
-64.981
-64.9809
-64.9809
-64.9809
-64.9809
-64.9809
-64.9808
-64.9808
-64.9808
-64.9808
-64.9808
-64.9807
-64.9807
-64.9807
-64.9807
-64.9807
-64.9806
-64.9806
-64.9806
-64.9806
-64.9806
-64.9805
-64.9805
-64.9805
-64.9805
-64.9805
-64.9804
-64.9804
-64.9804
-64.9804
-64.9804
-64.9803
-64.9803
-64.9803
-64.9803
-64.9803
-64.9802
-64.9802
-64.9802
-64.9802
-64.9802
-64.9801
-64.9801
-64.9801
-64.9801
-64.9801
-64.9801
-64.98
-64.98
-64.98
-64.98
-64.98
-64.9799
-64.9799
-64.9799
-64.9799
-64.9799
-64.9798
-64.9798
-64.9798
-64.9798
-64.9798
-64.9798
-64.9797
-64.9797
-64.9797
-64.9797
-64.9797
-64.9796
-64.9796
-64.9796
-64.9796
-64.9796
-64.9796
-64.9795
-64.9795
-64.9795
-64.9795
-64.9795
-64.9794
-64.9794
-64.9794
-64.9794
-64.9794
-64.9794
-64.9793
-64.9793
-64.9793
-64.9793
-64.9793
-64.9792
-64.9792
-64.9792
-64.9792
-64.9792
-64.9792
-64.9791
-64.9791
-64.9791
-64.9791
-64.9791
-64.9791
-64.979
-64.979
-64.979
-64.979
-64.979
-64.9789
-64.9789
-64.9789
-64.9789
-64.9789
-64.9789
-64.9788
-64.9788
-64.9788
-64.9788
-64.9788
-64.9788
-64.9787
-64.9787
-64.9787
-64.9787
-64.9787
-64.9787
-64.9786
-64.9786
-64.9786
-64.9786
-64.9786
-64.9786
-64.9785
-64.9785
-64.9785
-64.9785
-64.9785
-64.9785
-64.9784
-64.9784
-64.9784
-64.9784
-64.9784
-64.9784
-64.9783
-64.9783
-64.9783
-64.9783
-64.9783
-64.9783
-64.9782
-64.9782
-64.9782
-64.9782
-64.9782
-64.9782
-64.9781
-64.9781
-64.9781
-64.9781
-64.9781
-64.9781
-64.978
-64.978
-64.978
-64.978
-64.978
-64.978
-64.9779
-64.9779
-64.9779
-64.9779
-64.9779
-64.9779
-64.9779
-64.9778
-64.9778
-64.9778
-64.9778
-64.9778
-64.9778
-64.9777
-64.9777
-64.9777
-64.9777
-64.9777
-64.9777
-64.9776
-64.9776
-64.9776
-64.9776
-64.9776
-64.9776
-64.9776
-64.9775
-64.9775
-64.9775
-64.9775
-64.9775
-64.9775
-64.9775
-64.9774
-64.9774
-64.9774
-64.9774
-64.9774
-64.9774
-64.9773
-64.9773
-64.9773
-64.9773
-64.9773
-64.9773
-64.9773
-64.9772
-64.9772
-64.9772
-64.9772
-64.9772
-64.9772
-64.9772
-64.9771
-64.9771
-64.9771
-64.9771
-64.9771
-64.9771
-64.9771
-64.977
-64.977
-64.977
-64.977
-64.977
-64.977
-64.9769
-64.9769
-64.9769
-64.9769
-64.9769
-64.9769
-64.9769
-64.9768
-64.9768
-64.9768
-64.9768
-64.9768
-64.9768
-64.9768
-64.9768
-64.9767
-64.9767
-64.9767
-64.9767
-64.9767
-64.9767
-64.9767
-64.9766
-64.9766
-64.9766
-64.9766
-64.9766
-64.9766
-64.9766
-64.9765
-64.9765
-64.9765
-64.9765
-64.9765
-64.9765
-64.9765
-64.9764
-64.9764
-64.9764
-64.9764
-64.9764
-64.9764
-64.9764
-64.9764
-64.9763
-64.9763
-64.9763
-64.9763
-64.9763
-64.9763
-64.9763
-64.9762
-64.9762
-64.9762
-64.9762
-64.9762
-64.9762
-64.9762
-64.9762
-64.9761
-64.9761
-64.9761
-64.9761
-64.9761
-64.9761
-64.9761
-64.9761
-64.976
-64.976
-64.976
-64.976
-64.976
-64.976
-64.976
-64.976
-64.9759
-64.9759
-64.9759
-64.9759
-64.9759
-64.9759
-64.9759
-64.9759
-64.9758
-64.9758
-64.9758
-64.9758
-64.9758
-64.9758
-64.9758
-64.9758
-64.9757
-64.9757
-64.9757
-64.9757
-64.9757
-64.9757
-64.9757
-64.9757
-64.9756
-64.9756
-64.9756
-64.9756
-64.9756
-64.9756
-64.9756
-64.9756
-64.9755
-64.9755
-64.9755
-64.9755
-64.9755
-64.9755
-64.9755
-64.9755
-64.9755
-64.9754
-64.9754
-64.9754
-64.9754
-64.9754
-64.9754
-64.9754
-64.9754
-64.9753
-64.9753
-64.9753
-64.9753
-64.9753
-64.9753
-64.9753
-64.9753
-64.9753
-64.9752
-64.9752
-64.9752
-64.9752
-64.9752
-64.9752
-64.9752
-64.9752
-64.9752
-64.9751
-64.9751
-64.9751
-64.9751
-64.9751
-64.9751
-64.9751
-64.9751
-64.9751
-64.975
-64.975
-64.975
-64.975
-64.975
-64.975
-64.975
-64.975
-64.975
-64.9749
-64.9749
-64.9749
-64.9749
-64.9749
-64.9749
-64.9749
-64.9749
-64.9749
-64.9748
-64.9748
-64.9748
-64.9748
-64.9748
-64.9748
-64.9748
-64.9748
-64.9748
-64.9748
-64.9747
-64.9747
-64.9747
-64.9747
-64.9747
-64.9747
-64.9747
-64.9747
-64.9747
-64.9746
-64.9746
-64.9746
-64.9746
-64.9746
-64.9746
-64.9746
-64.9746
-64.9746
-64.9746
-64.9745
-64.9745
-64.9745
-64.9745
-64.9745
-64.9745
-64.9745
-64.9745
-64.9745
-64.9745
-64.9744
-64.9744
-64.9744
-64.9744
-64.9744
-64.9744
-64.9744
-64.9744
-64.9744
-64.9744
-64.9744
-64.9743
-64.9743
-64.9743
-64.9743
-64.9743
-64.9743
-64.9743
-64.9743
-64.9743
-64.9743
-64.9742
-64.9742
-64.9742
-64.9742
-64.9742
-64.9742
-64.9742
-64.9742
-64.9742
-64.9742
-64.9742
-64.9741
-64.9741
-64.9741
-64.9741
-64.9741
-64.9741
-64.9741
-64.9741
-64.9741
-64.9741
-64.9741
-64.974
-64.974
-64.974
-64.974
-64.974
-64.974
-64.974
-64.974
-64.974
-64.974
-64.974
-64.9739
-64.9739
-64.9739
-64.9739
-64.9739
-64.9739
-64.9739
-64.9739
-64.9739
-64.9739
-64.9739
-64.9738
-64.9738
-64.9738
-64.9738
-64.9738
-64.9738
-64.9738
-64.9738
-64.9738
-64.9738
-64.9738
-64.9738
-64.9737
-64.9737
-64.9737
-64.9737
-64.9737
-64.9737
-64.9737
-64.9737
-64.9737
-64.9737
-64.9737
-64.9737
-64.9736
-64.9736
-64.9736
-64.9736
-64.9736
-64.9736
-64.9736
-64.9736
-64.9736
-64.9736
-64.9736
-64.9736
-64.9735
-64.9735
-64.9735
-64.9735
-64.9735
-64.9735
-64.9735
-64.9735
-64.9735
-64.9735
-64.9735
-64.9735
-64.9735
-64.9734
-64.9734
-64.9734
-64.9734
-64.9734
-64.9734
-64.9734
-64.9734
-64.9734
-64.9734
-64.9734
-64.9734
-64.9734
-64.9733
-64.9733
-64.9733
-64.9733
-64.9733
-64.9733
-64.9733
-64.9733
-64.9733
-64.9733
-64.9733
-64.9733
-64.9733
-64.9733
-64.9732
-64.9732
-64.9732
-64.9732
-64.9732
-64.9732
-64.9732
-64.9732
-64.9732
-64.9732
-64.9732
-64.9732
-64.9732
-64.9732
-64.9731
-64.9731
-64.9731
-64.9731
-64.9731
-64.9731
-64.9731
-64.9731
-64.9731
-64.9731
-64.9731
-64.9731
-64.9731
-64.9731
-64.973
-64.973
-64.973
-64.973
-64.973
-64.973
-64.973
-64.973
-64.973
-64.973
-64.973
-64.973
-64.973
-64.973
-64.973
-64.9729
-64.9729
-64.9729
-64.9729
-64.9729
-64.9729
-64.9729
-64.9729
-64.9729
-64.9729
-64.9729
-64.9729
-64.9729
-64.9729
-64.9729
-64.9729
-64.9728
-64.9728
-64.9728
-64.9728
-64.9728
-64.9728
-64.9728
-64.9728
-64.9728
-64.9728
-64.9728
-64.9728
-64.9728
-64.9728
-64.9728
-64.9728
-64.9727
-64.9727
-64.9727
-64.9727
-64.9727
-64.9727
-64.9727
-64.9727
-64.9727
-64.9727
-64.9727
-64.9727
-64.9727
-64.9727
-64.9727
-64.9727
-64.9727
-64.9726
-64.9726
-64.9726
-64.9726
-64.9726
-64.9726
-64.9726
-64.9726
-64.9726
-64.9726
-64.9726
-64.9726
-64.9726
-64.9726
-64.9726
-64.9726
-64.9726
-64.9726
-64.9725
-64.9725
-64.9725
-64.9725
-64.9725
-64.9725
-64.9725
-64.9725
-64.9725
-64.9725
-64.9725
-64.9725
-64.9725
-64.9725
-64.9725
-64.9725
-64.9725
-64.9725
-64.9724
-64.9724
-64.9724
-64.9724
-64.9724
-64.9724
-64.9724
-64.9724
-64.9724
-64.9724
-64.9724
-64.9724
-64.9724
-64.9724
-64.9724
-64.9724
-64.9724
-64.9724
-64.9724
-64.9724
-64.9723
-64.9723
-64.9723
-64.9723
-64.9723
-64.9723
-64.9723
-64.9723
-64.9723
-64.9723
-64.9723
-64.9723
-64.9723
-64.9723
-64.9723
-64.9723
-64.9723
-64.9723
-64.9723
-64.9723
-64.9723
-64.9722
-64.9722
-64.9722
-64.9722
-64.9722
-64.9722
-64.9722
-64.9722
-64.9722
-64.9722
-64.9722
-64.9722
-64.9722
-64.9722
-64.9722
-64.9722
-64.9722
-64.9722
-64.9722
-64.9722
-64.9722
-64.9722
-64.9722
-64.9721
-64.9721
-64.9721
-64.9721
-64.9721
-64.9721
-64.9721
-64.9721
-64.9721
-64.9721
-64.9721
-64.9721
-64.9721
-64.9721
-64.9721
-64.9721
-64.9721
-64.9721
-64.9721
-64.9721
-64.9721
-64.9721
-64.9721
-64.9721
-64.972
-64.972
-64.972
-64.972
-64.972
-64.972
-64.972
-64.972
-64.972
-64.972
-64.972
-64.972
-64.972
-64.972
-64.972
-64.972
-64.972
-64.972
-64.972
-64.972
-64.972
-64.972
-64.972
-64.972
-64.972
-64.972
-64.972
-64.9719
-64.9719
-64.9719
-64.9719
-64.9719
-64.9719
-64.9719
-64.9719
-64.9719
-64.9719
-64.9719
-64.9719
-64.9719
-64.9719
-64.9719
-64.9719
-64.9719
-64.9719
-64.9719
-64.9719
-64.9719
-64.9719
-64.9719
-64.9719
-64.9719
-64.9719
-64.9719
-64.9719
-64.9719
-64.9719
-64.9718
-64.9718
-64.9718
-64.9718
-64.9718
-64.9718
-64.9718
-64.9718
-64.9718
-64.9718
-64.9718
-64.9718
-64.9718
-64.9718
-64.9718
-64.9718
-64.9718
-64.9718
-64.9718
-64.9718
-64.9718
-64.9718
-64.9718
-64.9718
-64.9718
-64.9718
-64.9718
-64.9718
-64.9718
-64.9718
-64.9718
-64.9718
-64.9718
-64.9718
-64.9717
-64.9717
-64.9717
-64.9717
-64.9717
-64.9717
-64.9717
-64.9717
-64.9717
-64.9717
-64.9717
-64.9717
-64.9717
-64.9717
-64.9717
-64.9717
-64.9717
-64.9717
-64.9717
-64.9717
-64.9717
-64.9717
-64.9717
-64.9717
-64.9717
-64.9717
-64.9717
-64.9717
-64.9717
-64.9717
-64.9717
-64.9717
-64.9717
-64.9717
-64.9717
-64.9717
-64.9717
-64.9717
-64.9717
-64.9717
-64.9717
-64.9716
-64.9716
-64.9716
-64.9716
-64.9716
-64.9716
-64.9716
-64.9716
-64.9716
-64.9716
-64.9716
-64.9716
-64.9716
-64.9716
-64.9716
-64.9716
-64.9716
-64.9716
-64.9716
-64.9716
-64.9716
-64.9716
-64.9716
-64.9716
-64.9716
-64.9716
-64.9716
-64.9716
-64.9716
-64.9716
-64.9716
-64.9716
-64.9716
-64.9716
-64.9716
-64.9716
-64.9716
-64.9716
-64.9716
-64.9716
-64.9716
-64.9716
-64.9716
-64.9716
-64.9716
-64.9716
-64.9716
-64.9716
-64.9716
-64.9716
-64.9716
-64.9716
-64.9715
-64.9715
-64.9715
-64.9715
-64.9715
-64.9715
-64.9715
-64.9715
-64.9715
-64.9715
-64.9715
-64.9715
-64.9715
-64.9715
-64.9715
-64.9715
-64.9715
-64.9715
-64.9715
-64.9715
-64.9715
-64.9715
-64.9715
-64.9715
-64.9715
-64.9715
-64.9715
-64.9715
-64.9715
-64.9715
-64.9715
-64.9715
-64.9715
-64.9715
-64.9715
-64.9715
-64.9715
-64.9715
-64.9715
-64.9715
-64.9715
-64.9715
-64.9715
-64.9715
-64.9715
-64.9715
-64.9715
-64.9715
-64.9715
-64.9715
-64.9715
-64.9715
-64.9715
-64.9715
-64.9715
-64.9715
-64.9715
-64.9715
-64.9715
-64.9715
-64.9715
-64.9715
-64.9715
-64.9715
-64.9715
-64.9715
-64.9715
-64.9715
-64.9715
-64.9715
-64.9715
-64.9715
-64.9715
-64.9715
-64.9715
-64.9715
-64.9715
-64.9715
-64.9715
-64.9715
-64.9715
-64.9715
-64.9715
-64.9715
-64.9715
-64.9715
-64.9715
-64.9715
-64.9715
-64.9715
-64.9715
-64.9715
-64.9715
-64.9715
-64.9714
-64.9714
-64.9714
-64.9714
-64.9714
-64.9714
-64.9714
-64.9714
-64.9714
-64.9714
-64.9714
-64.9714
-64.9714
-64.9714
-64.9714
-64.9714
-64.9714
-64.9714
-64.9714
-64.9714
-64.9714
-64.9714
-64.9714
-64.9714
-64.9714
-64.9714
-64.9714
-64.9714
-64.9714
-64.9714
-64.9714
-64.9714
-64.9714
-64.9714
-64.9714
-64.9714
-64.9714
-64.9714
-64.9714
-64.9714
-64.9714
-64.9714
-64.9714
-64.9714
-64.9714
-64.9714
-64.9714
-64.9714
-64.9714
-64.9714
-64.9714
-64.9714
-64.9714
-64.9714
-64.9714
-64.9714
-64.9714
-64.9714
-64.9714
-64.9714
-64.9714
-64.9714
-64.9714
-64.9714
-64.9714
-64.9714
-64.9714
-64.9714
-64.9714
-64.9714
-64.9714
-64.9714
-64.9714
-64.9714
-64.9714
-64.9714
-64.9714
-64.9714
-64.9714
-64.9714
-64.9714
-64.9714
-64.9714
-64.9714
-64.9714
-64.9714
-64.9714
-64.9714
-64.9714
-64.9714
-64.9714
-64.9714
-64.9714
-64.9714
-64.9714
-64.9714
-64.9714
-64.9714
-64.9714
-64.9714
-64.9714
-64.9714
-64.9714
-64.9714
-64.9714
-64.9714
-64.9714
-64.9714
-64.9714
-64.9714
-64.9714
-64.9714
-64.9714
-64.9714
-64.9714
-64.9714
-64.9715
-64.9715
-64.9715
-64.9715
-64.9715
-64.9715
-64.9715
-64.9715
-64.9715
-64.9715
-64.9715
-64.9715
-64.9715
-64.9715
-64.9715
-64.9715
-64.9715
-64.9715
-64.9715
-64.9715
-64.9715
-64.9715
-64.9715
-64.9715
-64.9715
-64.9715
-64.9715
-64.9715
-64.9715
-64.9715
-64.9715
-64.9715
-64.9715
-64.9715
-64.9715
-64.9715
-64.9715
-64.9715
-64.9715
-64.9715
-64.9715
-64.9715
-64.9715
-64.9715
-64.9715
-64.9715
-64.9715
-64.9715
-64.9715
-64.9715
-64.9715
-64.9715
-64.9715
-64.9715
-64.9715
-64.9715
-64.9715
-64.9715
-64.9715
-64.9715
-64.9715
-64.9715
-64.9715
-64.9715
-64.9715
-64.9715
-64.9715
-64.9715
-64.9715
-64.9715
-64.9715
-64.9715
-64.9715
-64.9715
-64.9715
-64.9715
-64.9715
-64.9715
-64.9715
-64.9715
-64.9715
-64.9715
-64.9715
-64.9715
-64.9715
-64.9715
-64.9715
-64.9715
-64.9715
-64.9715
-64.9715
-64.9715
-64.9715
-64.9715
-64.9715
-64.9715
-64.9715
-64.9715
-64.9715
-64.9715
-64.9715
-64.9716
-64.9716
-64.9716
-64.9716
-64.9716
-64.9716
-64.9716
-64.9716
-64.9716
-64.9716
-64.9716
-64.9716
-64.9716
-64.9716
-64.9716
-64.9716
-64.9716
-64.9716
-64.9716
-64.9716
-64.9716
-64.9716
-64.9716
-64.9716
-64.9716
-64.9716
-64.9716
-64.9716
-64.9716
-64.9716
-64.9716
-64.9716
-64.9716
-64.9716
-64.9716
-64.9716
-64.9716
-64.9716
-64.9716
-64.9716
-64.9716
-64.9716
-64.9716
-64.9716
-64.9716
-64.9716
-64.9716
-64.9716
-64.9716
-64.9716
-64.9716
-64.9716
-64.9716
-64.9716
-64.9716
-64.9716
-64.9716
-64.9716
-64.9716
-64.9716
-64.9717
-64.9717
-64.9717
-64.9717
-64.9717
-64.9717
-64.9717
-64.9717
-64.9717
-64.9717
-64.9717
-64.9717
-64.9717
-64.9717
-64.9717
-64.9717
-64.9717
-64.9717
-64.9717
-64.9717
-64.9717
-64.9717
-64.9717
-64.9717
-64.9717
-64.9717
-64.9717
-64.9717
-64.9717
-64.9717
-64.9717
-64.9717
-64.9717
-64.9717
-64.9717
-64.9717
-64.9717
-64.9717
-64.9717
-64.9717
-64.9717
-64.9717
-64.9717
-64.9717
-64.9717
-64.9717
-64.9717
-64.9717
-64.9717
-64.9718
-64.9718
-64.9718
-64.9718
-64.9718
-64.9718
-64.9718
-64.9718
-64.9718
-64.9718
-64.9718
-64.9718
-64.9718
-64.9718
-64.9718
-64.9718
-64.9718
-64.9718
-64.9718
-64.9718
-64.9718
-64.9718
-64.9718
-64.9718
-64.9718
-64.9718
-64.9718
-64.9718
-64.9718
-64.9718
-64.9718
-64.9718
-64.9718
-64.9718
-64.9718
-64.9718
-64.9718
-64.9718
-64.9718
-64.9718
-64.9718
-64.9718
-64.9719
-64.9719
-64.9719
-64.9719
-64.9719
-64.9719
-64.9719
-64.9719
-64.9719
-64.9719
-64.9719
-64.9719
-64.9719
-64.9719
-64.9719
-64.9719
-64.9719
-64.9719
-64.9719
-64.9719
-64.9719
-64.9719
-64.9719
-64.9719
-64.9719
-64.9719
-64.9719
-64.9719
-64.9719
-64.9719
-64.9719
-64.9719
-64.9719
-64.9719
-64.9719
-64.9719
-64.9719
-64.9719
-64.972
-64.972
-64.972
-64.972
-64.972
-64.972
-64.972
-64.972
-64.972
-64.972
-64.972
-64.972
-64.972
-64.972
-64.972
-64.972
-64.972
-64.972
-64.972
-64.972
-64.972
-64.972
-64.972
-64.972
-64.972
-64.972
-64.972
-64.972
-64.972
-64.972
-64.972
-64.972
-64.972
-64.972
-64.9721
-64.9721
-64.9721
-64.9721
-64.9721
-64.9721
-64.9721
-64.9721
-64.9721
-64.9721
-64.9721
-64.9721
-64.9721
-64.9721
-64.9721
-64.9721
-64.9721
-64.9721
-64.9721
-64.9721
-64.9721
-64.9721
-64.9721
-64.9721
-64.9721
-64.9721
-64.9721
-64.9721
-64.9721
-64.9721
-64.9721
-64.9721
-64.9721
-64.9722
-64.9722
-64.9722
-64.9722
-64.9722
-64.9722
-64.9722
-64.9722
-64.9722
-64.9722
-64.9722
-64.9722
-64.9722
-64.9722
-64.9722
-64.9722
-64.9722
-64.9722
-64.9722
-64.9722
-64.9722
-64.9722
-64.9722
-64.9722
-64.9722
-64.9722
-64.9722
-64.9722
-64.9722
-64.9722
-64.9723
-64.9723
-64.9723
-64.9723
-64.9723
-64.9723
-64.9723
-64.9723
-64.9723
-64.9723
-64.9723
-64.9723
-64.9723
-64.9723
-64.9723
-64.9723
-64.9723
-64.9723
-64.9723
-64.9723
-64.9723
-64.9723
-64.9723
-64.9723
-64.9723
-64.9723
-64.9723
-64.9723
-64.9723
-64.9724
-64.9724
-64.9724
-64.9724
-64.9724
-64.9724
-64.9724
-64.9724
-64.9724
-64.9724
-64.9724
-64.9724
-64.9724
-64.9724
-64.9724
-64.9724
-64.9724
-64.9724
-64.9724
-64.9724
-64.9724
-64.9724
-64.9724
-64.9724
-64.9724
-64.9724
-64.9724
-64.9724
-64.9725
-64.9725
-64.9725
-64.9725
-64.9725
-64.9725
-64.9725
-64.9725
-64.9725
-64.9725
-64.9725
-64.9725
-64.9725
-64.9725
-64.9725
-64.9725
-64.9725
-64.9725
-64.9725
-64.9725
-64.9725
-64.9725
-64.9725
-64.9725
-64.9725
-64.9725
-64.9725
-64.9726
-64.9726
-64.9726
-64.9726
-64.9726
-64.9726
-64.9726
-64.9726
-64.9726
-64.9726
-64.9726
-64.9726
-64.9726
-64.9726
-64.9726
-64.9726
-64.9726
-64.9726
-64.9726
-64.9726
-64.9726
-64.9726
-64.9726
-64.9726
-64.9726
-64.9726
-64.9727
-64.9727
-64.9727
-64.9727
-64.9727
-64.9727
-64.9727
-64.9727
-64.9727
-64.9727
-64.9727
-64.9727
-64.9727
-64.9727
-64.9727
-64.9727
-64.9727
-64.9727
-64.9727
-64.9727
-64.9727
-64.9727
-64.9727
-64.9727
-64.9727
-64.9728
-64.9728
-64.9728
-64.9728
-64.9728
-64.9728
-64.9728
-64.9728
-64.9728
-64.9728
-64.9728
-64.9728
-64.9728
-64.9728
-64.9728
-64.9728
-64.9728
-64.9728
-64.9728
-64.9728
-64.9728
-64.9728
-64.9728
-64.9728
-64.9728
-64.9729
-64.9729
-64.9729
-64.9729
-64.9729
-64.9729
-64.9729
-64.9729
-64.9729
-64.9729
-64.9729
-64.9729
-64.9729
-64.9729
-64.9729
-64.9729
-64.9729
-64.9729
-64.9729
-64.9729
-64.9729
-64.9729
-64.9729
-64.9729
-64.973
-64.973
-64.973
-64.973
-64.973
-64.973
-64.973
-64.973
-64.973
-64.973
-64.973
-64.973
-64.973
-64.973
-64.973
-64.973
-64.973
-64.973
-64.973
-64.973
-64.973
-64.973
-64.973
-64.9731
-64.9731
-64.9731
-64.9731
-64.9731
-64.9731
-64.9731
-64.9731
-64.9731
-64.9731
-64.9731
-64.9731
-64.9731
-64.9731
-64.9731
-64.9731
-64.9731
-64.9731
-64.9731
-64.9731
-64.9731
-64.9731
-64.9731
-64.9732
-64.9732
-64.9732
-64.9732
-64.9732
-64.9732
-64.9732
-64.9732
-64.9732
-64.9732
-64.9732
-64.9732
-64.9732
-64.9732
-64.9732
-64.9732
-64.9732
-64.9732
-64.9732
-64.9732
-64.9732
-64.9732
-64.9732
-64.9733
-64.9733
-64.9733
-64.9733
-64.9733
-64.9733
-64.9733
-64.9733
-64.9733
-64.9733
-64.9733
-64.9733
-64.9733
-64.9733
-64.9733
-64.9733
-64.9733
-64.9733
-64.9733
-64.9733
-64.9733
-64.9733
-64.9734
-64.9734
-64.9734
-64.9734
-64.9734
-64.9734
-64.9734
-64.9734
-64.9734
-64.9734
-64.9734
-64.9734
-64.9734
-64.9734
-64.9734
-64.9734
-64.9734
-64.9734
-64.9734
-64.9734
-64.9734
-64.9734
-64.9735
-64.9735
-64.9735
-64.9735
-64.9735
-64.9735
-64.9735
-64.9735
-64.9735
-64.9735
-64.9735
-64.9735
-64.9735
-64.9735
-64.9735
-64.9735
-64.9735
-64.9735
-64.9735
-64.9735
-64.9735
-64.9736
-64.9736
-64.9736
-64.9736
-64.9736
-64.9736
-64.9736
-64.9736
-64.9736
-64.9736
-64.9736
-64.9736
-64.9736
-64.9736
-64.9736
-64.9736
-64.9736
-64.9736
-64.9736
-64.9736
-64.9736
-64.9737
-64.9737
-64.9737
-64.9737
-64.9737
-64.9737
-64.9737
-64.9737
-64.9737
-64.9737
-64.9737
-64.9737
-64.9737
-64.9737
-64.9737
-64.9737
-64.9737
-64.9737
-64.9737
-64.9737
-64.9737
-64.9738
-64.9738
-64.9738
-64.9738
-64.9738
-64.9738
-64.9738
-64.9738
-64.9738
-64.9738
-64.9738
-64.9738
-64.9738
-64.9738
-64.9738
-64.9738
-64.9738
-64.9738
-64.9738
-64.9738
-64.9738
-64.9739
-64.9739
-64.9739
-64.9739
-64.9739
-64.9739
-64.9739
-64.9739
-64.9739
-64.9739
-64.9739
-64.9739
-64.9739
-64.9739
-64.9739
-64.9739
-64.9739
-64.9739
-64.9739
-64.9739
-64.974
-64.974
-64.974
-64.974
-64.974
-64.974
-64.974
-64.974
-64.974
-64.974
-64.974
-64.974
-64.974
-64.974
-64.974
-64.974
-64.974
-64.974
-64.974
-64.974
-64.974
-64.9741
-64.9741
-64.9741
-64.9741
-64.9741
-64.9741
-64.9741
-64.9741
-64.9741
-64.9741
-64.9741
-64.9741
-64.9741
-64.9741
-64.9741
-64.9741
-64.9741
-64.9741
-64.9741
-64.9741
-64.9742
-64.9742
-64.9742
-64.9742
-64.9742
-64.9742
-64.9742
-64.9742
-64.9742
-64.9742
-64.9742
-64.9742
-64.9742
-64.9742
-64.9742
-64.9742
-64.9742
-64.9742
-64.9742
-64.9742
-64.9743
-64.9743
-64.9743
-64.9743
-64.9743
-64.9743
-64.9743
-64.9743
-64.9743
-64.9743
-64.9743
-64.9743
-64.9743
-64.9743
-64.9743
-64.9743
-64.9743
-64.9743
-64.9743
-64.9743
-64.9744
-64.9744
-64.9744
-64.9744
-64.9744
-64.9744
-64.9744
-64.9744
-64.9744
-64.9744
-64.9744
-64.9744
-64.9744
-64.9744
-64.9744
-64.9744
-64.9744
-64.9744
-64.9744
-64.9744
-64.9745
-64.9745
-64.9745
-64.9745
-64.9745
-64.9745
-64.9745
-64.9745
-64.9745
-64.9745
-64.9745
-64.9745
-64.9745
-64.9745
-64.9745
-64.9745
-64.9745
-64.9745
-64.9745
-64.9745
-64.9746
-64.9746
-64.9746
-64.9746
-64.9746
-64.9746
-64.9746
-64.9746
-64.9746
-64.9746
-64.9746
-64.9746
-64.9746
-64.9746
-64.9746
-64.9746
-64.9746
-64.9746
-64.9746
-64.9746
-64.9747
-64.9747
-64.9747
-64.9747
-64.9747
-64.9747
-64.9747
-64.9747
-64.9747
-64.9747
-64.9747
-64.9747
-64.9747
-64.9747
-64.9747
-64.9747
-64.9747
-64.9747
-64.9747
-64.9747
-64.9748
-64.9748
-64.9748
-64.9748
-64.9748
-64.9748
-64.9748
-64.9748
-64.9748
-64.9748
-64.9748
-64.9748
-64.9748
-64.9748
-64.9748
-64.9748
-64.9748
-64.9748
-64.9748
-64.9748
-64.9749
-64.9749
-64.9749
-64.9749
-64.9749
-64.9749
-64.9749
-64.9749
-64.9749
-64.9749
-64.9749
-64.9749
-64.9749
-64.9749
-64.9749
-64.9749
-64.9749
-64.9749
-64.9749
-64.9749
-64.975
-64.975
-64.975
-64.975
-64.975
-64.975
-64.975
-64.975
-64.975
-64.975
-64.975
-64.975
-64.975
-64.975
-64.975
-64.975
-64.975
-64.975
-64.975
-64.975
-64.9751
-64.9751
-64.9751
-64.9751
-64.9751
-64.9751
-64.9751
-64.9751
-64.9751
-64.9751
-64.9751
-64.9751
-64.9751
-64.9751
-64.9751
-64.9751
-64.9751
-64.9751
-64.9751
-64.9751
-64.9752
-64.9752
-64.9752
-64.9752
-64.9752
-64.9752
-64.9752
-64.9752
-64.9752
-64.9752
-64.9752
-64.9752
-64.9752
-64.9752
-64.9752
-64.9752
-64.9752
-64.9752
-64.9752
-64.9752
-64.9753
-64.9753
-64.9753
-64.9753
-64.9753
-64.9753
-64.9753
-64.9753
-64.9753
-64.9753
-64.9753
-64.9753
-64.9753
-64.9753
-64.9753
-64.9753
-64.9753
-64.9753
-64.9753
-64.9753
-64.9754
-64.9754
-64.9754
-64.9754
-64.9754
-64.9754
-64.9754
-64.9754
-64.9754
-64.9754
-64.9754
-64.9754
-64.9754
-64.9754
-64.9754
-64.9754
-64.9754
-64.9754
-64.9754
-64.9754
-64.9754
-64.9755
-64.9755
-64.9755
-64.9755
-64.9755
-64.9755
-64.9755
-64.9755
-64.9755
-64.9755
-64.9755
-64.9755
-64.9755
-64.9755
-64.9755
-64.9755
-64.9755
-64.9755
-64.9755
-64.9755
-64.9756
-64.9756
-64.9756
-64.9756
-64.9756
-64.9756
-64.9756
-64.9756
-64.9756
-64.9756
-64.9756
-64.9756
-64.9756
-64.9756
-64.9756
-64.9756
-64.9756
-64.9756
-64.9756
-64.9756
-64.9756
-64.9757
-64.9757
-64.9757
-64.9757
-64.9757
-64.9757
-64.9757
-64.9757
-64.9757
-64.9757
-64.9757
-64.9757
-64.9757
-64.9757
-64.9757
-64.9757
-64.9757
-64.9757
-64.9757
-64.9757
-64.9757
-64.9758
-64.9758
-64.9758
-64.9758
-64.9758
-64.9758
-64.9758
-64.9758
-64.9758
-64.9758
-64.9758
-64.9758
-64.9758
-64.9758
-64.9758
-64.9758
-64.9758
-64.9758
-64.9758
-64.9758
-64.9759
-64.9759
-64.9759
-64.9759
-64.9759
-64.9759
-64.9759
-64.9759
-64.9759
-64.9759
-64.9759
-64.9759
-64.9759
-64.9759
-64.9759
-64.9759
-64.9759
-64.9759
-64.9759
-64.9759
-64.9759
-64.976
-64.976
-64.976
-64.976
-64.976
-64.976
-64.976
-64.976
-64.976
-64.976
-64.976
-64.976
-64.976
-64.976
-64.976
-64.976
-64.976
-64.976
-64.976
-64.976
-64.976
-64.9761
-64.9761
-64.9761
-64.9761
-64.9761
-64.9761
-64.9761
-64.9761
-64.9761
-64.9761
-64.9761
-64.9761
-64.9761
-64.9761
-64.9761
-64.9761
-64.9761
-64.9761
-64.9761
-64.9761
-64.9761
-64.9762
-64.9762
-64.9762
-64.9762
-64.9762
-64.9762
-64.9762
-64.9762
-64.9762
-64.9762
-64.9762
-64.9762
-64.9762
-64.9762
-64.9762
-64.9762
-64.9762
-64.9762
-64.9762
-64.9762
-64.9762
-64.9763
-64.9763
-64.9763
-64.9763
-64.9763
-64.9763
-64.9763
-64.9763
-64.9763
-64.9763
-64.9763
-64.9763
-64.9763
-64.9763
-64.9763
-64.9763
-64.9763
-64.9763
-64.9763
-64.9763
-64.9763
-64.9764
-64.9764
-64.9764
-64.9764
-64.9764
-64.9764
-64.9764
-64.9764
-64.9764
-64.9764
-64.9764
-64.9764
-64.9764
-64.9764
-64.9764
-64.9764
-64.9764
-64.9764
-64.9764
-64.9764
-64.9764
-64.9765
-64.9765
-64.9765
-64.9765
-64.9765
-64.9765
-64.9765
-64.9765
-64.9765
-64.9765
-64.9765
-64.9765
-64.9765
-64.9765
-64.9765
-64.9765
-64.9765
-64.9765
-64.9765
-64.9765
-64.9765
-64.9766
-64.9766
-64.9766
-64.9766
-64.9766
-64.9766
-64.9766
-64.9766
-64.9766
-64.9766
-64.9766
-64.9766
-64.9766
-64.9766
-64.9766
-64.9766
-64.9766
-64.9766
-64.9766
-64.9766
-64.9766
-64.9767
-64.9767
-64.9767
-64.9767
-64.9767
-64.9767
-64.9767
-64.9767
-64.9767
-64.9767
-64.9767
-64.9767
-64.9767
-64.9767
-64.9767
-64.9767
-64.9767
-64.9767
-64.9767
-64.9767
-64.9767
-64.9768
-64.9768
-64.9768
-64.9768
-64.9768
-64.9768
-64.9768
-64.9768
-64.9768
-64.9768
-64.9768
-64.9768
-64.9768
-64.9768
-64.9768
-64.9768
-64.9768
-64.9768
-64.9768
-64.9768
-64.9768
-64.9768
-64.9769
-64.9769
-64.9769
-64.9769
-64.9769
-64.9769
-64.9769
-64.9769
-64.9769
-64.9769
-64.9769
-64.9769
-64.9769
-64.9769
-64.9769
-64.9769
-64.9769
-64.9769
-64.9769
-64.9769
-64.9769
-64.977
-64.977
-64.977
-64.977
-64.977
-64.977
-64.977
-64.977
-64.977
-64.977
-64.977
-64.977
-64.977
-64.977
-64.977
-64.977
-64.977
-64.977
-64.977
-64.977
-64.977
-64.9771
-64.9771
-64.9771
-64.9771
-64.9771
-64.9771
-64.9771
-64.9771
-64.9771
-64.9771
-64.9771
-64.9771
-64.9771
-64.9771
-64.9771
-64.9771
-64.9771
-64.9771
-64.9771
-64.9771
-64.9771
-64.9771
-64.9772
-64.9772
-64.9772
-64.9772
-64.9772
-64.9772
-64.9772
-64.9772
-64.9772
-64.9772
-64.9772
-64.9772
-64.9772
-64.9772
-64.9772
-64.9772
-64.9772
-64.9772
-64.9772
-64.9772
-64.9772
-64.9773
-64.9773
-64.9773
-64.9773
-64.9773
-64.9773
-64.9773
-64.9773
-64.9773
-64.9773
-64.9773
-64.9773
-64.9773
-64.9773
-64.9773
-64.9773
-64.9773
-64.9773
-64.9773
-64.9773
-64.9773
-64.9773
-64.9774
-64.9774
-64.9774
-64.9774
-64.9774
-64.9774
-64.9774
-64.9774
-64.9774
-64.9774
-64.9774
-64.9774
-64.9774
-64.9774
-64.9774
-64.9774
-64.9774
-64.9774
-64.9774
-64.9774
-64.9774
-64.9775
-64.9775
-64.9775
-64.9775
-64.9775
-64.9775
-64.9775
-64.9775
-64.9775
-64.9775
-64.9775
-64.9775
-64.9775
-64.9775
-64.9775
-64.9775
-64.9775
-64.9775
-64.9775
-64.9775
-64.9775
-64.9776
-64.9776
-64.9776
-64.9776
-64.9776
-64.9776
-64.9776
-64.9776
-64.9776
-64.9776
-64.9776
-64.9776
-64.9776
-64.9776
-64.9776
-64.9776
-64.9776
-64.9776
-64.9776
-64.9776
-64.9776
-64.9776
-64.9777
-64.9777
-64.9777
-64.9777
-64.9777
-64.9777
-64.9777
-64.9777
-64.9777
-64.9777
-64.9777
-64.9777
-64.9777
-64.9777
-64.9777
-64.9777
-64.9777
-64.9777
-64.9777
-64.9777
-64.9777
-64.9778
-64.9778
-64.9778
-64.9778
-64.9778
-64.9778
-64.9778
-64.9778
-64.9778
-64.9778
-64.9778
-64.9778
-64.9778
-64.9778
-64.9778
-64.9778
-64.9778
-64.9778
-64.9778
-64.9778
-64.9778
-64.9778
-64.9779
-64.9779
-64.9779
-64.9779
-64.9779
-64.9779
-64.9779
-64.9779
-64.9779
-64.9779
-64.9779
-64.9779
-64.9779
-64.9779
-64.9779
-64.9779
-64.9779
-64.9779
-64.9779
-64.9779
-64.9779
-64.978
-64.978
-64.978
-64.978
-64.978
-64.978
-64.978
-64.978
-64.978
-64.978
-64.978
-64.978
-64.978
-64.978
-64.978
-64.978
-64.978
-64.978
-64.978
-64.978
-64.978
-64.978
-64.9781
-64.9781
-64.9781
-64.9781
-64.9781
-64.9781
-64.9781
-64.9781
-64.9781
-64.9781
-64.9781
-64.9781
-64.9781
-64.9781
-64.9781
-64.9781
-64.9781
-64.9781
-64.9781
-64.9781
-64.9781
-64.9782
-64.9782
-64.9782
-64.9782
-64.9782
-64.9782
-64.9782
-64.9782
-64.9782
-64.9782
-64.9782
-64.9782
-64.9782
-64.9782
-64.9782
-64.9782
-64.9782
-64.9782
-64.9782
-64.9782
-64.9782
-64.9782
-64.9783
-64.9783
-64.9783
-64.9783
-64.9783
-64.9783
-64.9783
-64.9783
-64.9783
-64.9783
-64.9783
-64.9783
-64.9783
-64.9783
-64.9783
-64.9783
-64.9783
-64.9783
-64.9783
-64.9783
-64.9783
-64.9783
-64.9784
-64.9784
-64.9784
-64.9784
-64.9784
-64.9784
-64.9784
-64.9784
-64.9784
-64.9784
-64.9784
-64.9784
-64.9784
-64.9784
-64.9784
-64.9784
-64.9784
-64.9784
-64.9784
-64.9784
-64.9784
-64.9785
-64.9785
-64.9785
-64.9785
-64.9785
-64.9785
-64.9785
-64.9785
-64.9785
-64.9785
-64.9785
-64.9785
-64.9785
-64.9785
-64.9785
-64.9785
-64.9785
-64.9785
-64.9785
-64.9785
-64.9785
-64.9785
-64.9786
-64.9786
-64.9786
-64.9786
-64.9786
-64.9786
-64.9786
-64.9786
-64.9786
-64.9786
-64.9786
-64.9786
-64.9786
-64.9786
-64.9786
-64.9786
-64.9786
-64.9786
-64.9786
-64.9786
-64.9786
-64.9787
-64.9787
-64.9787
-64.9787
-64.9787
-64.9787
-64.9787
-64.9787
-64.9787
-64.9787
-64.9787
-64.9787
-64.9787
-64.9787
-64.9787
-64.9787
-64.9787
-64.9787
-64.9787
-64.9787
-64.9787
-64.9787
-64.9788
-64.9788
-64.9788
-64.9788
-64.9788
-64.9788
-64.9788
-64.9788
-64.9788
-64.9788
-64.9788
-64.9788
-64.9788
-64.9788
-64.9788
-64.9788
-64.9788
-64.9788
-64.9788
-64.9788
-64.9788
-64.9789
-64.9789
-64.9789
-64.9789
-64.9789
-64.9789
-64.9789
-64.9789
-64.9789
-64.9789
-64.9789
-64.9789
-64.9789
-64.9789
-64.9789
-64.9789
-64.9789
-64.9789
-64.9789
-64.9789
-64.9789
-64.9789
-64.979
-64.979
-64.979
-64.979
-64.979
-64.979
-64.979
-64.979
-64.979
-64.979
-64.979
-64.979
-64.979
-64.979
-64.979
-64.979
-64.979
-64.979
-64.979
-64.979
-64.979
-64.979
-64.9791
-64.9791
-64.9791
-64.9791
-64.9791
-64.9791
-64.9791
-64.9791
-64.9791
-64.9791
-64.9791
-64.9791
-64.9791
-64.9791
-64.9791
-64.9791
-64.9791
-64.9791
-64.9791
-64.9791
-64.9791
-64.9792
-64.9792
-64.9792
-64.9792
-64.9792
-64.9792
-64.9792
-64.9792
-64.9792
-64.9792
-64.9792
-64.9792
-64.9792
-64.9792
-64.9792
-64.9792
-64.9792
-64.9792
-64.9792
-64.9792
-64.9792
-64.9792
-64.9793
-64.9793
-64.9793
-64.9793
-64.9793
-64.9793
-64.9793
-64.9793
-64.9793
-64.9793
-64.9793
-64.9793
-64.9793
-64.9793
-64.9793
-64.9793
-64.9793
-64.9793
-64.9793
-64.9793
-64.9793
-64.9793
-64.9794
-64.9794
-64.9794
-64.9794
-64.9794
-64.9794
-64.9794
-64.9794
-64.9794
-64.9794
-64.9794
-64.9794
-64.9794
-64.9794
-64.9794
-64.9794
-64.9794
-64.9794
-64.9794
-64.9794
-64.9794
-64.9794
-64.9795
-64.9795
-64.9795
-64.9795
-64.9795
-64.9795
-64.9795
-64.9795
-64.9795
-64.9795
-64.9795
-64.9795
-64.9795
-64.9795
-64.9795
-64.9795
-64.9795
-64.9795
-64.9795
-64.9795
-64.9795
-64.9795
-64.9796
-64.9796
-64.9796
-64.9796
-64.9796
-64.9796
-64.9796
-64.9796
-64.9796
-64.9796
-64.9796
-64.9796
-64.9796
-64.9796
-64.9796
-64.9796
-64.9796
-64.9796
-64.9796
-64.9796
-64.9796
-64.9796
-64.9797
-64.9797
-64.9797
-64.9797
-64.9797
-64.9797
-64.9797
-64.9797
-64.9797
-64.9797
-64.9797
-64.9797
-64.9797
-64.9797
-64.9797
-64.9797
-64.9797
-64.9797
-64.9797
-64.9797
-64.9797
-64.9797
-64.9797
-64.9798
-64.9798
-64.9798
-64.9798
-64.9798
-64.9798
-64.9798
-64.9798
-64.9798
-64.9798
-64.9798
-64.9798
-64.9798
-64.9798
-64.9798
-64.9798
-64.9798
-64.9798
-64.9798
-64.9798
-64.9798
-64.9798
-64.9799
-64.9799
-64.9799
-64.9799
-64.9799
-64.9799
-64.9799
-64.9799
-64.9799
-64.9799
-64.9799
-64.9799
-64.9799
-64.9799
-64.9799
-64.9799
-64.9799
-64.9799
-64.9799
-64.9799
-64.9799
-64.9799
-64.9799
-64.98
-64.98
-64.98
-64.98
-64.98
-64.98
-64.98
-64.98
-64.98
-64.98
-64.98
-64.98
-64.98
-64.98
-64.98
-64.98
-64.98
-64.98
-64.98
-64.98
-64.98
-64.98
-64.98
-64.9801
-64.9801
-64.9801
-64.9801
-64.9801
-64.9801
-64.9801
-64.9801
-64.9801
-64.9801
-64.9801
-64.9801
-64.9801
-64.9801
-64.9801
-64.9801
-64.9801
-64.9801
-64.9801
-64.9801
-64.9801
-64.9801
-64.9801
-64.9802
-64.9802
-64.9802
-64.9802
-64.9802
-64.9802
-64.9802
-64.9802
-64.9802
-64.9802
-64.9802
-64.9802
-64.9802
-64.9802
-64.9802
-64.9802
-64.9802
-64.9802
-64.9802
-64.9802
-64.9802
-64.9802
-64.9802
-64.9803
-64.9803
-64.9803
-64.9803
-64.9803
-64.9803
-64.9803
-64.9803
-64.9803
-64.9803
-64.9803
-64.9803
-64.9803
-64.9803
-64.9803
-64.9803
-64.9803
-64.9803
-64.9803
-64.9803
-64.9803
-64.9803
-64.9803
-64.9804
-64.9804
-64.9804
-64.9804
-64.9804
-64.9804
-64.9804
-64.9804
-64.9804
-64.9804
-64.9804
-64.9804
-64.9804
-64.9804
-64.9804
-64.9804
-64.9804
-64.9804
-64.9804
-64.9804
-64.9804
-64.9804
-64.9804
-64.9804
-64.9805
-64.9805
-64.9805
-64.9805
-64.9805
-64.9805
-64.9805
-64.9805
-64.9805
-64.9805
-64.9805
-64.9805
-64.9805
-64.9805
-64.9805
-64.9805
-64.9805
-64.9805
-64.9805
-64.9805
-64.9805
-64.9805
-64.9805
-64.9805
-64.9806
-64.9806
-64.9806
-64.9806
-64.9806
-64.9806
-64.9806
-64.9806
-64.9806
-64.9806
-64.9806
-64.9806
-64.9806
-64.9806
-64.9806
-64.9806
-64.9806
-64.9806
-64.9806
-64.9806
-64.9806
-64.9806
-64.9806
-64.9806
-64.9807
-64.9807
-64.9807
-64.9807
-64.9807
-64.9807
-64.9807
-64.9807
-64.9807
-64.9807
-64.9807
-64.9807
-64.9807
-64.9807
-64.9807
-64.9807
-64.9807
-64.9807
-64.9807
-64.9807
-64.9807
-64.9807
-64.9807
-64.9807
-64.9808
-64.9808
-64.9808
-64.9808
-64.9808
-64.9808
-64.9808
-64.9808
-64.9808
-64.9808
-64.9808
-64.9808
-64.9808
-64.9808
-64.9808
-64.9808
-64.9808
-64.9808
-64.9808
-64.9808
-64.9808
-64.9808
-64.9808
-64.9808
-64.9809
-64.9809
-64.9809
-64.9809
-64.9809
-64.9809
-64.9809
-64.9809
-64.9809
-64.9809
-64.9809
-64.9809
-64.9809
-64.9809
-64.9809
-64.9809
-64.9809
-64.9809
-64.9809
-64.9809
-64.9809
-64.9809
-64.9809
-64.9809
-64.981
-64.981
-64.981
-64.981
-64.981
-64.981
-64.981
-64.981
-64.981
-64.981
-64.981
-64.981
-64.981
-64.981
-64.981
-64.981
-64.981
-64.981
-64.981
-64.981
-64.981
-64.981
-64.981
-64.981
-64.981
-64.9811
-64.9811
-64.9811
-64.9811
-64.9811
-64.9811
-64.9811
-64.9811
-64.9811
-64.9811
-64.9811
-64.9811
-64.9811
-64.9811
-64.9811
-64.9811
-64.9811
-64.9811
-64.9811
-64.9811
-64.9811
-64.9811
-64.9811
-64.9811
-64.9812
-64.9812
-64.9812
-64.9812
-64.9812
-64.9812
-64.9812
-64.9812
-64.9812
-64.9812
-64.9812
-64.9812
-64.9812
-64.9812
-64.9812
-64.9812
-64.9812
-64.9812
-64.9812
-64.9812
-64.9812
-64.9812
-64.9812
-64.9812
-64.9812
-64.9813
-64.9813
-64.9813
-64.9813
-64.9813
-64.9813
-64.9813
-64.9813
-64.9813
-64.9813
-64.9813
-64.9813
-64.9813
-64.9813
-64.9813
-64.9813
-64.9813
-64.9813
-64.9813
-64.9813
-64.9813
-64.9813
-64.9813
-64.9813
-64.9813
-64.9814
-64.9814
-64.9814
-64.9814
-64.9814
-64.9814
-64.9814
-64.9814
-64.9814
-64.9814
-64.9814
-64.9814
-64.9814
-64.9814
-64.9814
-64.9814
-64.9814
-64.9814
-64.9814
-64.9814
-64.9814
-64.9814
-64.9814
-64.9814
-64.9814
-64.9815
-64.9815
-64.9815
-64.9815
-64.9815
-64.9815
-64.9815
-64.9815
-64.9815
-64.9815
-64.9815
-64.9815
-64.9815
-64.9815
-64.9815
-64.9815
-64.9815
-64.9815
-64.9815
-64.9815
-64.9815
-64.9815
-64.9815
-64.9815
-64.9815
-64.9816
-64.9816
-64.9816
-64.9816
-64.9816
-64.9816
-64.9816
-64.9816
-64.9816
-64.9816
-64.9816
-64.9816
-64.9816
-64.9816
-64.9816
-64.9816
-64.9816
-64.9816
-64.9816
-64.9816
-64.9816
-64.9816
-64.9816
-64.9816
-64.9816
-64.9817
-64.9817
-64.9817
-64.9817
-64.9817
-64.9817
-64.9817
-64.9817
-64.9817
-64.9817
-64.9817
-64.9817
-64.9817
-64.9817
-64.9817
-64.9817
-64.9817
-64.9817
-64.9817
-64.9817
-64.9817
-64.9817
-64.9817
-64.9817
-64.9817
-64.9818
-64.9818
-64.9818
-64.9818
-64.9818
-64.9818
-64.9818
-64.9818
-64.9818
-64.9818
-64.9818
-64.9818
-64.9818
-64.9818
-64.9818
-64.9818
-64.9818
-64.9818
-64.9818
-64.9818
-64.9818
-64.9818
-64.9818
-64.9818
-64.9818
-64.9819
-64.9819
-64.9819
-64.9819
-64.9819
-64.9819
-64.9819
-64.9819
-64.9819
-64.9819
-64.9819
-64.9819
-64.9819
-64.9819
-64.9819
-64.9819
-64.9819
-64.9819
-64.9819
-64.9819
-64.9819
-64.9819
-64.9819
-64.9819
-64.9819
-64.9819
-64.982
-64.982
-64.982
-64.982
-64.982
-64.982
-64.982
-64.982
-64.982
-64.982
-64.982
-64.982
-64.982
-64.982
-64.982
-64.982
-64.982
-64.982
-64.982
-64.982
-64.982
-64.982
-64.982
-64.982
-64.982
-64.9821
-64.9821
-64.9821
-64.9821
-64.9821
-64.9821
-64.9821
-64.9821
-64.9821
-64.9821
-64.9821
-64.9821
-64.9821
-64.9821
-64.9821
-64.9821
-64.9821
-64.9821
-64.9821
-64.9821
-64.9821
-64.9821
-64.9821
-64.9821
-64.9821
-64.9821
-64.9822
-64.9822
-64.9822
-64.9822
-64.9822
-64.9822
-64.9822
-64.9822
-64.9822
-64.9822
-64.9822
-64.9822
-64.9822
-64.9822
-64.9822
-64.9822
-64.9822
-64.9822
-64.9822
-64.9822
-64.9822
-64.9822
-64.9822
-64.9822
-64.9822
-64.9822
-64.9823
-64.9823
-64.9823
-64.9823
-64.9823
-64.9823
-64.9823
-64.9823
-64.9823
-64.9823
-64.9823
-64.9823
-64.9823
-64.9823
-64.9823
-64.9823
-64.9823
-64.9823
-64.9823
-64.9823
-64.9823
-64.9823
-64.9823
-64.9823
-64.9823
-64.9824
-64.9824
-64.9824
-64.9824
-64.9824
-64.9824
-64.9824
-64.9824
-64.9824
-64.9824
-64.9824
-64.9824
-64.9824
-64.9824
-64.9824
-64.9824
-64.9824
-64.9824
-64.9824
-64.9824
-64.9824
-64.9824
-64.9824
-64.9824
-64.9824
-64.9824
-64.9825
-64.9825
-64.9825
-64.9825
-64.9825
-64.9825
-64.9825
-64.9825
-64.9825
-64.9825
-64.9825
-64.9825
-64.9825
-64.9825
-64.9825
-64.9825
-64.9825
-64.9825
-64.9825
-64.9825
-64.9825
-64.9825
-64.9825
-64.9825
-64.9825
-64.9825
-64.9826
-64.9826
-64.9826
-64.9826
-64.9826
-64.9826
-64.9826
-64.9826
-64.9826
-64.9826
-64.9826
-64.9826
-64.9826
-64.9826
-64.9826
-64.9826
-64.9826
-64.9826
-64.9826
-64.9826
-64.9826
-64.9826
-64.9826
-64.9826
-64.9826
-64.9826
-64.9827
-64.9827
-64.9827
-64.9827
-64.9827
-64.9827
-64.9827
-64.9827
-64.9827
-64.9827
-64.9827
-64.9827
-64.9827
-64.9827
-64.9827
-64.9827
-64.9827
-64.9827
-64.9827
-64.9827
-64.9827
-64.9827
-64.9827
-64.9827
-64.9827
-64.9827
-64.9827
-64.9828
-64.9828
-64.9828
-64.9828
-64.9828
-64.9828
-64.9828
-64.9828
-64.9828
-64.9828
-64.9828
-64.9828
-64.9828
-64.9828
-64.9828
-64.9828
-64.9828
-64.9828
-64.9828
-64.9828
-64.9828
-64.9828
-64.9828
-64.9828
-64.9828
-64.9828
-64.9829
-64.9829
-64.9829
-64.9829
-64.9829
-64.9829
-64.9829
-64.9829
-64.9829
-64.9829
-64.9829
-64.9829
-64.9829
-64.9829
-64.9829
-64.9829
-64.9829
-64.9829
-64.9829
-64.9829
-64.9829
-64.9829
-64.9829
-64.9829
-64.9829
-64.9829
-64.9829
-64.983
-64.983
-64.983
-64.983
-64.983
-64.983
-64.983
-64.983
-64.983
-64.983
-64.983
-64.983
-64.983
-64.983
-64.983
-64.983
-64.983
-64.983
-64.983
-64.983
-64.983
-64.983
-64.983
-64.983
-64.983
-64.983
-64.983
-64.983
-64.9831
-64.9831
-64.9831
-64.9831
-64.9831
-64.9831
-64.9831
-64.9831
-64.9831
-64.9831
-64.9831
-64.9831
-64.9831
-64.9831
-64.9831
-64.9831
-64.9831
-64.9831
-64.9831
-64.9831
-64.9831
-64.9831
-64.9831
-64.9831
-64.9831
-64.9831
-64.9831
-64.9832
-64.9832
-64.9832
-64.9832
-64.9832
-64.9832
-64.9832
-64.9832
-64.9832
-64.9832
-64.9832
-64.9832
-64.9832
-64.9832
-64.9832
-64.9832
-64.9832
-64.9832
-64.9832
-64.9832
-64.9832
-64.9832
-64.9832
-64.9832
-64.9832
-64.9832
-64.9832
-64.9832
-64.9833
-64.9833
-64.9833
-64.9833
-64.9833
-64.9833
-64.9833
-64.9833
-64.9833
-64.9833
-64.9833
-64.9833
-64.9833
-64.9833
-64.9833
-64.9833
-64.9833
-64.9833
-64.9833
-64.9833
-64.9833
-64.9833
-64.9833
-64.9833
-64.9833
-64.9833
-64.9833
-64.9833
-64.9833
-64.9834
-64.9834
-64.9834
-64.9834
-64.9834
-64.9834
-64.9834
-64.9834
-64.9834
-64.9834
-64.9834
-64.9834
-64.9834
-64.9834
-64.9834
-64.9834
-64.9834
-64.9834
-64.9834
-64.9834
-64.9834
-64.9834
-64.9834
-64.9834
-64.9834
-64.9834
-64.9834
-64.9834
-64.9835
-64.9835
-64.9835
-64.9835
-64.9835
-64.9835
-64.9835
-64.9835
-64.9835
-64.9835
-64.9835
-64.9835
-64.9835
-64.9835
-64.9835
-64.9835
-64.9835
-64.9835
-64.9835
-64.9835
-64.9835
-64.9835
-64.9835
-64.9835
-64.9835
-64.9835
-64.9835
-64.9835
-64.9835
-64.9836
-64.9836
-64.9836
-64.9836
-64.9836
-64.9836
-64.9836
-64.9836
-64.9836
-64.9836
-64.9836
-64.9836
-64.9836
-64.9836
-64.9836
-64.9836
-64.9836
-64.9836
-64.9836
-64.9836
-64.9836
-64.9836
-64.9836
-64.9836
-64.9836
-64.9836
-64.9836
-64.9836
-64.9836
-64.9836
-64.9837
-64.9837
-64.9837
-64.9837
-64.9837
-64.9837
-64.9837
-64.9837
-64.9837
-64.9837
-64.9837
-64.9837
-64.9837
-64.9837
-64.9837
-64.9837
-64.9837
-64.9837
-64.9837
-64.9837
-64.9837
-64.9837
-64.9837
-64.9837
-64.9837
-64.9837
-64.9837
-64.9837
-64.9837
-64.9837
-64.9838
-64.9838
-64.9838
-64.9838
-64.9838
-64.9838
-64.9838
-64.9838
-64.9838
-64.9838
-64.9838
-64.9838
-64.9838
-64.9838
-64.9838
-64.9838
-64.9838
-64.9838
-64.9838
-64.9838
-64.9838
-64.9838
-64.9838
-64.9838
-64.9838
-64.9838
-64.9838
-64.9838
-64.9838
-64.9838
-64.9839
-64.9839
-64.9839
-64.9839
-64.9839
-64.9839
-64.9839
-64.9839
-64.9839
-64.9839
-64.9839
-64.9839
-64.9839
-64.9839
-64.9839
-64.9839
-64.9839
-64.9839
-64.9839
-64.9839
-64.9839
-64.9839
-64.9839
-64.9839
-64.9839
-64.9839
-64.9839
-64.9839
-64.9839
-64.9839
-64.984
-64.984
-64.984
-64.984
-64.984
-64.984
-64.984
-64.984
-64.984
-64.984
-64.984
-64.984
-64.984
-64.984
-64.984
-64.984
-64.984
-64.984
-64.984
-64.984
-64.984
-64.984
-64.984
-64.984
-64.984
-64.984
-64.984
-64.984
-64.984
-64.984
-64.9841
-64.9841
-64.9841
-64.9841
-64.9841
-64.9841
-64.9841
-64.9841
-64.9841
-64.9841
-64.9841
-64.9841
-64.9841
-64.9841
-64.9841
-64.9841
-64.9841
-64.9841
-64.9841
-64.9841
-64.9841
-64.9841
-64.9841
-64.9841
-64.9841
-64.9841
-64.9841
-64.9841
-64.9841
-64.9841
-64.9841
-64.9842
-64.9842
-64.9842
-64.9842
-64.9842
-64.9842
-64.9842
-64.9842
-64.9842
-64.9842
-64.9842
-64.9842
-64.9842
-64.9842
-64.9842
-64.9842
-64.9842
-64.9842
-64.9842
-64.9842
-64.9842
-64.9842
-64.9842
-64.9842
-64.9842
-64.9842
-64.9842
-64.9842
-64.9842
-64.9842
-64.9842
-64.9843
-64.9843
-64.9843
-64.9843
-64.9843
-64.9843
-64.9843
-64.9843
-64.9843
-64.9843
-64.9843
-64.9843
-64.9843
-64.9843
-64.9843
-64.9843
-64.9843
-64.9843
-64.9843
-64.9843
-64.9843
-64.9843
-64.9843
-64.9843
-64.9843
-64.9843
-64.9843
-64.9843
-64.9843
-64.9843
-64.9843
-64.9843
-64.9844
-64.9844
-64.9844
-64.9844
-64.9844
-64.9844
-64.9844
-64.9844
-64.9844
-64.9844
-64.9844
-64.9844
-64.9844
-64.9844
-64.9844
-64.9844
-64.9844
-64.9844
-64.9844
-64.9844
-64.9844
-64.9844
-64.9844
-64.9844
-64.9844
-64.9844
-64.9844
-64.9844
-64.9844
-64.9844
-64.9844
-64.9845
-64.9845
-64.9845
-64.9845
-64.9845
-64.9845
-64.9845
-64.9845
-64.9845
-64.9845
-64.9845
-64.9845
-64.9845
-64.9845
-64.9845
-64.9845
-64.9845
-64.9845
-64.9845
-64.9845
-64.9845
-64.9845
-64.9845
-64.9845
-64.9845
-64.9845
-64.9845
-64.9845
-64.9845
-64.9845
-64.9845
-64.9845
-64.9845
-64.9846
-64.9846
-64.9846
-64.9846
-64.9846
-64.9846
-64.9846
-64.9846
-64.9846
-64.9846
-64.9846
-64.9846
-64.9846
-64.9846
-64.9846
-64.9846
-64.9846
-64.9846
-64.9846
-64.9846
-64.9846
-64.9846
-64.9846
-64.9846
-64.9846
-64.9846
-64.9846
-64.9846
-64.9846
-64.9846
-64.9846
-64.9846
-64.9846
-64.9846
-64.9846
-64.9846
-64.9846
-64.9846
-64.9846
-64.9846
-64.9846
-64.9846
-64.9846
-64.9846
-64.9846
-64.9846
-64.9846
-64.9846
-64.9846
-64.9846
-64.9846
-64.9845
-64.9845
-64.9845
-64.9845
-64.9845
-64.9845
-64.9845
-64.9845
-64.9845
-64.9845
-64.9845
-64.9845
-64.9845
-64.9845
-64.9845
-64.9845
-64.9845
-64.9845
-64.9845
-64.9845
-64.9845
-64.9844
-64.9844
-64.9844
-64.9844
-64.9844
-64.9844
-64.9844
-64.9844
-64.9844
-64.9844
-64.9844
-64.9844
-64.9844
-64.9844
-64.9844
-64.9843
-64.9843
-64.9843
-64.9843
-64.9843
-64.9843
-64.9843
-64.9843
-64.9843
-64.9843
-64.9843
-64.9843
-64.9842
-64.9842
-64.9842
-64.9842
-64.9842
-64.9842
-64.9842
-64.9842
-64.9842
-64.9842
-64.9841
-64.9841
-64.9841
-64.9841
-64.9841
-64.9841
-64.9841
-64.9841
-64.9841
-64.9841
-64.984
-64.984
-64.984
-64.984
-64.984
-64.984
-64.984
-64.984
-64.984
-64.9839
-64.9839
-64.9839
-64.9839
-64.9839
-64.9839
-64.9839
-64.9839
-64.9839
-64.9838
-64.9838
-64.9838
-64.9838
-64.9838
-64.9838
-64.9838
-64.9838
-64.9838
-64.9837
-64.9837
-64.9837
-64.9837
-64.9837
-64.9837
-64.9837
-64.9837
-64.9836
-64.9836
-64.9836
-64.9836
-64.9836
-64.9836
-64.9836
-64.9836
-64.9835
-64.9835
-64.9835
-64.9835
-64.9835
-64.9835
-64.9835
-64.9834
-64.9834
-64.9834
-64.9834
-64.9834
-64.9834
-64.9834
-64.9834
-64.9833
-64.9833
-64.9833
-64.9833
-64.9833
-64.9833
-64.9833
-64.9833
-64.9832
-64.9832
-64.9832
-64.9832
-64.9832
-64.9832
-64.9832
-64.9831
-64.9831
-64.9831
-64.9831
-64.9831
-64.9831
-64.9831
-64.983
-64.983
-64.983
-64.983
-64.983
-64.983
-64.983
-64.9829
-64.9829
-64.9829
-64.9829
-64.9829
-64.9829
-64.9829
-64.9829
-64.9828
-64.9828
-64.9828
-64.9828
-64.9828
-64.9828
-64.9828
-64.9827
-64.9827
-64.9827
-64.9827
-64.9827
-64.9827
-64.9827
-64.9826
-64.9826
-64.9826
-64.9826
-64.9826
-64.9826
-64.9826
-64.9825
-64.9825
-64.9825
-64.9825
-64.9825
-64.9825
-64.9825
-64.9824
-64.9824
-64.9824
-64.9824
-64.9824
-64.9824
-64.9824
-64.9823
-64.9823
-64.9823
-64.9823
-64.9823
-64.9823
-64.9823
-64.9823
-64.9822
-64.9822
-64.9822
-64.9822
-64.9822
-64.9822
-64.9822
-64.9821
-64.9821
-64.9821
-64.9821
-64.9821
-64.9821
-64.9821
-64.982
-64.982
-64.982
-64.982
-64.982
-64.982
-64.982
-64.9819
-64.9819
-64.9819
-64.9819
-64.9819
-64.9819
-64.9819
-64.9818
-64.9818
-64.9818
-64.9818
-64.9818
-64.9818
-64.9818
-64.9818
-64.9817
-64.9817
-64.9817
-64.9817
-64.9817
-64.9817
-64.9817
-64.9816
-64.9816
-64.9816
-64.9816
-64.9816
-64.9816
-64.9816
-64.9815
-64.9815
-64.9815
-64.9815
-64.9815
-64.9815
-64.9815
-64.9815
-64.9814
-64.9814
-64.9814
-64.9814
-64.9814
-64.9814
-64.9814
-64.9813
-64.9813
-64.9813
-64.9813
-64.9813
-64.9813
-64.9813
-64.9812
-64.9812
-64.9812
-64.9812
-64.9812
-64.9812
-64.9812
-64.9812
-64.9811
-64.9811
-64.9811
-64.9811
-64.9811
-64.9811
-64.9811
-64.9811
-64.981
-64.981
-64.981
-64.981
-64.981
-64.981
-64.981
-64.9809
-64.9809
-64.9809
-64.9809
-64.9809
-64.9809
-64.9809
-64.9809
-64.9808
-64.9808
-64.9808
-64.9808
-64.9808
-64.9808
-64.9808
-64.9808
-64.9807
-64.9807
-64.9807
-64.9807
-64.9807
-64.9807
-64.9807
-64.9807
-64.9806
-64.9806
-64.9806
-64.9806
-64.9806
-64.9806
-64.9806
-64.9806
-64.9805
-64.9805
-64.9805
-64.9805
-64.9805
-64.9805
-64.9805
-64.9805
-64.9804
-64.9804
-64.9804
-64.9804
-64.9804
-64.9804
-64.9804
-64.9804
-64.9803
-64.9803
-64.9803
-64.9803
-64.9803
-64.9803
-64.9803
-64.9803
-64.9802
-64.9802
-64.9802
-64.9802
-64.9802
-64.9802
-64.9802
-64.9802
-64.9801
-64.9801
-64.9801
-64.9801
-64.9801
-64.9801
-64.9801
-64.9801
-64.9801
-64.98
-64.98
-64.98
-64.98
-64.98
-64.98
-64.98
-64.98
-64.9799
-64.9799
-64.9799
-64.9799
-64.9799
-64.9799
-64.9799
-64.9799
-64.9799
-64.9798
-64.9798
-64.9798
-64.9798
-64.9798
-64.9798
-64.9798
-64.9798
-64.9798
-64.9797
-64.9797
-64.9797
-64.9797
-64.9797
-64.9797
-64.9797
-64.9797
-64.9796
-64.9796
-64.9796
-64.9796
-64.9796
-64.9796
-64.9796
-64.9796
-64.9796
-64.9795
-64.9795
-64.9795
-64.9795
-64.9795
-64.9795
-64.9795
-64.9795
-64.9795
-64.9794
-64.9794
-64.9794
-64.9794
-64.9794
-64.9794
-64.9794
-64.9794
-64.9794
-64.9794
-64.9793
-64.9793
-64.9793
-64.9793
-64.9793
-64.9793
-64.9793
-64.9793
-64.9793
-64.9792
-64.9792
-64.9792
-64.9792
-64.9792
-64.9792
-64.9792
-64.9792
-64.9792
-64.9791
-64.9791
-64.9791
-64.9791
-64.9791
-64.9791
-64.9791
-64.9791
-64.9791
-64.9791
-64.979
-64.979
-64.979
-64.979
-64.979
-64.979
-64.979
-64.979
-64.979
-64.979
-64.9789
-64.9789
-64.9789
-64.9789
-64.9789
-64.9789
-64.9789
-64.9789
-64.9789
-64.9788
-64.9788
-64.9788
-64.9788
-64.9788
-64.9788
-64.9788
-64.9788
-64.9788
-64.9788
-64.9788
-64.9787
-64.9787
-64.9787
-64.9787
-64.9787
-64.9787
-64.9787
-64.9787
-64.9787
-64.9787
-64.9786
-64.9786
-64.9786
-64.9786
-64.9786
-64.9786
-64.9786
-64.9786
-64.9786
-64.9786
-64.9785
-64.9785
-64.9785
-64.9785
-64.9785
-64.9785
-64.9785
-64.9785
-64.9785
-64.9785
-64.9785
-64.9784
-64.9784
-64.9784
-64.9784
-64.9784
-64.9784
-64.9784
-64.9784
-64.9784
-64.9784
-64.9783
-64.9783
-64.9783
-64.9783
-64.9783
-64.9783
-64.9783
-64.9783
-64.9783
-64.9783
-64.9783
-64.9782
-64.9782
-64.9782
-64.9782
-64.9782
-64.9782
-64.9782
-64.9782
-64.9782
-64.9782
-64.9782
-64.9781
-64.9781
-64.9781
-64.9781
-64.9781
-64.9781
-64.9781
-64.9781
-64.9781
-64.9781
-64.9781
-64.9781
-64.978
-64.978
-64.978
-64.978
-64.978
-64.978
-64.978
-64.978
-64.978
-64.978
-64.978
-64.9779
-64.9779
-64.9779
-64.9779
-64.9779
-64.9779
-64.9779
-64.9779
-64.9779
-64.9779
-64.9779
-64.9779
-64.9778
-64.9778
-64.9778
-64.9778
-64.9778
-64.9778
-64.9778
-64.9778
-64.9778
-64.9778
-64.9778
-64.9778
-64.9777
-64.9777
-64.9777
-64.9777
-64.9777
-64.9777
-64.9777
-64.9777
-64.9777
-64.9777
-64.9777
-64.9777
-64.9777
-64.9776
-64.9776
-64.9776
-64.9776
-64.9776
-64.9776
-64.9776
-64.9776
-64.9776
-64.9776
-64.9776
-64.9776
-64.9775
-64.9775
-64.9775
-64.9775
-64.9775
-64.9775
-64.9775
-64.9775
-64.9775
-64.9775
-64.9775
-64.9775
-64.9775
-64.9774
-64.9774
-64.9774
-64.9774
-64.9774
-64.9774
-64.9774
-64.9774
-64.9774
-64.9774
-64.9774
-64.9774
-64.9774
-64.9773
-64.9773
-64.9773
-64.9773
-64.9773
-64.9773
-64.9773
-64.9773
-64.9773
-64.9773
-64.9773
-64.9773
-64.9773
-64.9773
-64.9772
-64.9772
-64.9772
-64.9772
-64.9772
-64.9772
-64.9772
-64.9772
-64.9772
-64.9772
-64.9772
-64.9772
-64.9772
-64.9772
-64.9771
-64.9771
-64.9771
-64.9771
-64.9771
-64.9771
-64.9771
-64.9771
-64.9771
-64.9771
-64.9771
-64.9771
-64.9771
-64.9771
-64.977
-64.977
-64.977
-64.977
-64.977
-64.977
-64.977
-64.977
-64.977
-64.977
-64.977
-64.977
-64.977
-64.977
-64.977
-64.9769
-64.9769
-64.9769
-64.9769
-64.9769
-64.9769
-64.9769
-64.9769
-64.9769
-64.9769
-64.9769
-64.9769
-64.9769
-64.9769
-64.9769
-64.9768
-64.9768
-64.9768
-64.9768
-64.9768
-64.9768
-64.9768
-64.9768
-64.9768
-64.9768
-64.9768
-64.9768
-64.9768
-64.9768
-64.9768
-64.9768
-64.9767
-64.9767
-64.9767
-64.9767
-64.9767
-64.9767
-64.9767
-64.9767
-64.9767
-64.9767
-64.9767
-64.9767
-64.9767
-64.9767
-64.9767
-64.9767
-64.9766
-64.9766
-64.9766
-64.9766
-64.9766
-64.9766
-64.9766
-64.9766
-64.9766
-64.9766
-64.9766
-64.9766
-64.9766
-64.9766
-64.9766
-64.9766
-64.9766
-64.9765
-64.9765
-64.9765
-64.9765
-64.9765
-64.9765
-64.9765
-64.9765
-64.9765
-64.9765
-64.9765
-64.9765
-64.9765
-64.9765
-64.9765
-64.9765
-64.9765
-64.9764
-64.9764
-64.9764
-64.9764
-64.9764
-64.9764
-64.9764
-64.9764
-64.9764
-64.9764
-64.9764
-64.9764
-64.9764
-64.9764
-64.9764
-64.9764
-64.9764
-64.9764
-64.9764
-64.9763
-64.9763
-64.9763
-64.9763
-64.9763
-64.9763
-64.9763
-64.9763
-64.9763
-64.9763
-64.9763
-64.9763
-64.9763
-64.9763
-64.9763
-64.9763
-64.9763
-64.9763
-64.9762
-64.9762
-64.9762
-64.9762
-64.9762
-64.9762
-64.9762
-64.9762
-64.9762
-64.9762
-64.9762
-64.9762
-64.9762
-64.9762
-64.9762
-64.9762
-64.9762
-64.9762
-64.9762
-64.9762
-64.9761
-64.9761
-64.9761
-64.9761
-64.9761
-64.9761
-64.9761
-64.9761
-64.9761
-64.9761
-64.9761
-64.9761
-64.9761
-64.9761
-64.9761
-64.9761
-64.9761
-64.9761
-64.9761
-64.9761
-64.9761
-64.976
-64.976
-64.976
-64.976
-64.976
-64.976
-64.976
-64.976
-64.976
-64.976
-64.976
-64.976
-64.976
-64.976
-64.976
-64.976
-64.976
-64.976
-64.976
-64.976
-64.976
-64.976
-64.9759
-64.9759
-64.9759
-64.9759
-64.9759
-64.9759
-64.9759
-64.9759
-64.9759
-64.9759
-64.9759
-64.9759
-64.9759
-64.9759
-64.9759
-64.9759
-64.9759
-64.9759
-64.9759
-64.9759
-64.9759
-64.9759
-64.9759
-64.9758
-64.9758
-64.9758
-64.9758
-64.9758
-64.9758
-64.9758
-64.9758
-64.9758
-64.9758
-64.9758
-64.9758
-64.9758
-64.9758
-64.9758
-64.9758
-64.9758
-64.9758
-64.9758
-64.9758
-64.9758
-64.9758
-64.9758
-64.9758
-64.9757
-64.9757
-64.9757
-64.9757
-64.9757
-64.9757
-64.9757
-64.9757
-64.9757
-64.9757
-64.9757
-64.9757
-64.9757
-64.9757
-64.9757
-64.9757
-64.9757
-64.9757
-64.9757
-64.9757
-64.9757
-64.9757
-64.9757
-64.9757
-64.9757
-64.9757
-64.9757
-64.9756
-64.9756
-64.9756
-64.9756
-64.9756
-64.9756
-64.9756
-64.9756
-64.9756
-64.9756
-64.9756
-64.9756
-64.9756
-64.9756
-64.9756
-64.9756
-64.9756
-64.9756
-64.9756
-64.9756
-64.9756
-64.9756
-64.9756
-64.9756
-64.9756
-64.9756
-64.9756
-64.9756
-64.9755
-64.9755
-64.9755
-64.9755
-64.9755
-64.9755
-64.9755
-64.9755
-64.9755
-64.9755
-64.9755
-64.9755
-64.9755
-64.9755
-64.9755
-64.9755
-64.9755
-64.9755
-64.9755
-64.9755
-64.9755
-64.9755
-64.9755
-64.9755
-64.9755
-64.9755
-64.9755
-64.9755
-64.9755
-64.9755
-64.9754
-64.9754
-64.9754
-64.9754
-64.9754
-64.9754
-64.9754
-64.9754
-64.9754
-64.9754
-64.9754
-64.9754
-64.9754
-64.9754
-64.9754
-64.9754
-64.9754
-64.9754
-64.9754
-64.9754
-64.9754
-64.9754
-64.9754
-64.9754
-64.9754
-64.9754
-64.9754
-64.9754
-64.9754
-64.9754
-64.9754
-64.9754
-64.9754
-64.9754
-64.9753
-64.9753
-64.9753
-64.9753
-64.9753
-64.9753
-64.9753
-64.9753
-64.9753
-64.9753
-64.9753
-64.9753
-64.9753
-64.9753
-64.9753
-64.9753
-64.9753
-64.9753
-64.9753
-64.9753
-64.9753
-64.9753
-64.9753
-64.9753
-64.9753
-64.9753
-64.9753
-64.9753
-64.9753
-64.9753
-64.9753
-64.9753
-64.9753
-64.9753
-64.9753
-64.9753
-64.9753
-64.9752
-64.9752
-64.9752
-64.9752
-64.9752
-64.9752
-64.9752
-64.9752
-64.9752
-64.9752
-64.9752
-64.9752
-64.9752
-64.9752
-64.9752
-64.9752
-64.9752
-64.9752
-64.9752
-64.9752
-64.9752
-64.9752
-64.9752
-64.9752
-64.9752
-64.9752
-64.9752
-64.9752
-64.9752
-64.9752
-64.9752
-64.9752
-64.9752
-64.9752
-64.9752
-64.9752
-64.9752
-64.9752
-64.9752
-64.9752
-64.9752
-64.9752
-64.9751
-64.9751
-64.9751
-64.9751
-64.9751
-64.9751
-64.9751
-64.9751
-64.9751
-64.9751
-64.9751
-64.9751
-64.9751
-64.9751
-64.9751
-64.9751
-64.9751
-64.9751
-64.9751
-64.9751
-64.9751
-64.9751
-64.9751
-64.9751
-64.9751
-64.9751
-64.9751
-64.9751
-64.9751
-64.9751
-64.9751
-64.9751
-64.9751
-64.9751
-64.9751
-64.9751
-64.9751
-64.9751
-64.9751
-64.9751
-64.9751
-64.9751
-64.9751
-64.9751
-64.9751
-64.9751
-64.9751
-64.9751
-64.9751
-64.9751
-64.9751
-64.975
-64.975
-64.975
-64.975
-64.975
-64.975
-64.975
-64.975
-64.975
-64.975
-64.975
-64.975
-64.975
-64.975
-64.975
-64.975
-64.975
-64.975
-64.975
-64.975
-64.975
-64.975
-64.975
-64.975
-64.975
-64.975
-64.975
-64.975
-64.975
-64.975
-64.975
-64.975
-64.975
-64.975
-64.975
-64.975
-64.975
-64.975
-64.975
-64.975
-64.975
-64.975
-64.975
-64.975
-64.975
-64.975
-64.975
-64.975
-64.975
-64.975
-64.975
-64.975
-64.975
-64.975
-64.975
-64.975
-64.975
-64.975
-64.975
-64.975
-64.975
-64.975
-64.975
-64.975
-64.9749
-64.9749
-64.9749
-64.9749
-64.9749
-64.9749
-64.9749
-64.9749
-64.9749
-64.9749
-64.9749
-64.9749
-64.9749
-64.9749
-64.9749
-64.9749
-64.9749
-64.9749
-64.9749
-64.9749
-64.9749
-64.9749
-64.9749
-64.9749
-64.9749
-64.9749
-64.9749
-64.9749
-64.9749
-64.9749
-64.9749
-64.9749
-64.9749
-64.9749
-64.9749
-64.9749
-64.9749
-64.9749
-64.9749
-64.9749
-64.9749
-64.9749
-64.9749
-64.9749
-64.9749
-64.9749
-64.9749
-64.9749
-64.9749
-64.9749
-64.9749
-64.9749
-64.9749
-64.9749
-64.9749
-64.9749
-64.9749
-64.9749
-64.9749
-64.9749
-64.9749
-64.9749
-64.9749
-64.9749
-64.9749
-64.9749
-64.9749
-64.9749
-64.9749
-64.9749
-64.9749
-64.9749
-64.9749
-64.9749
-64.9749
-64.9749
-64.9749
-64.9749
-64.9749
-64.9749
-64.9749
-64.9749
-64.9749
-64.9749
-64.9749
-64.9749
-64.9749
-64.9749
-64.9749
-64.9749
-64.9749
-64.9749
-64.9749
-64.9749
-64.9749
-64.9749
-64.9749
-64.9749
-64.9749
-64.9749
-64.9749
-64.9749
-64.9749
-64.9749
-64.9749
-64.9749
-64.9749
-64.9749
-64.9749
-64.9749
-64.9749
-64.9748
-64.9748
-64.9748
-64.9748
-64.9748
-64.9748
-64.9748
-64.9748
-64.9748
-64.9748
-64.9748
-64.9748
-64.9748
-64.9748
-64.9748
-64.9748
-64.9748
-64.9748
-64.9748
-64.9748
-64.9748
-64.9748
-64.9748
-64.9748
-64.9748
-64.9748
-64.9748
-64.9748
-64.9748
-64.9748
-64.9748
-64.9748
-64.9748
-64.9748
-64.9748
-64.9748
-64.9748
-64.9748
-64.9748
-64.9748
-64.9748
-64.9748
-64.9748
-64.9748
-64.9748
-64.9748
-64.9748
-64.9748
-64.9748
-64.9748
-64.9748
-64.9748
-64.9748
-64.9748
-64.9748
-64.9748
-64.9748
-64.9748
-64.9748
-64.9748
-64.9748
-64.9748
-64.9748
-64.9748
-64.9748
-64.9748
-64.9748
-64.9748
-64.9748
-64.9748
-64.9748
-64.9748
-64.9748
-64.9748
-64.9748
-64.9748
-64.9748
-64.9748
-64.9748
-64.9748
-64.9748
-64.9748
-64.9748
-64.9748
-64.9748
-64.9748
-64.9748
-64.9748
-64.9748
-64.9748
-64.9748
-64.9748
-64.9748
-64.9748
-64.9748
-64.9748
-64.9748
-64.9748
-64.9748
-64.9748
-64.9748
-64.9748
-64.9748
-64.9748
-64.9748
-64.9748
-64.9748
-64.9748
-64.9748
-64.9748
-64.9748
-64.9748
-64.9748
-64.9748
-64.9748
-64.9748
-64.9748
-64.9748
-64.9748
-64.9748
-64.9748
-64.9748
-64.9748
-64.9748
-64.9748
-64.9748
-64.9748
-64.9748
-64.9748
-64.9748
-64.9748
-64.9748
-64.9748
-64.9748
-64.9748
-64.9748
-64.9748
-64.9748
-64.9748
-64.9748
-64.9748
-64.9748
-64.9748
-64.9748
-64.9748
-64.9748
-64.9748
-64.9748
-64.9748
-64.9748
-64.9748
-64.9748
-64.9748
-64.9748
-64.9748
-64.9748
-64.9748
-64.9748
-64.9748
-64.9748
-64.9748
-64.9748
-64.9748
-64.9748
-64.9748
-64.9748
-64.9748
-64.9748
-64.9748
-64.9748
-64.9749
-64.9749
-64.9749
-64.9749
-64.9749
-64.9749
-64.9749
-64.9749
-64.9749
-64.9749
-64.9749
-64.9749
-64.9749
-64.9749
-64.9749
-64.9749
-64.9749
-64.9749
-64.9749
-64.9749
-64.9749
-64.9749
-64.9749
-64.9749
-64.9749
-64.9749
-64.9749
-64.9749
-64.9749
-64.9749
-64.9749
-64.9749
-64.9749
-64.9749
-64.9749
-64.9749
-64.9749
-64.9749
-64.9749
-64.9749
-64.9749
-64.9749
-64.9749
-64.9749
-64.9749
-64.9749
-64.9749
-64.9749
-64.9749
-64.9749
-64.9749
-64.9749
-64.9749
-64.9749
-64.9749
-64.9749
-64.9749
-64.9749
-64.9749
-64.9749
-64.9749
-64.9749
-64.9749
-64.9749
-64.9749
-64.9749
-64.9749
-64.9749
-64.9749
-64.9749
-64.9749
-64.9749
-64.9749
-64.9749
-64.9749
-64.9749
-64.9749
-64.9749
-64.9749
-64.9749
-64.9749
-64.9749
-64.9749
-64.9749
-64.9749
-64.9749
-64.9749
-64.9749
-64.9749
-64.9749
-64.9749
-64.9749
-64.9749
-64.9749
-64.9749
-64.9749
-64.9749
-64.9749
-64.9749
-64.9749
-64.9749
-64.9749
-64.9749
-64.9749
-64.9749
-64.9749
-64.9749
-64.9749
-64.9749
-64.9749
-64.9749
-64.9749
-64.9749
-64.9749
-64.9749
-64.9749
-64.9749
-64.9749
-64.9749
-64.9749
-64.9749
-64.9749
-64.9749
-64.9749
-64.9749
-64.9749
-64.9749
-64.9749
-64.9749
-64.9749
-64.9749
-64.9749
-64.9749
-64.975
-64.975
-64.975
-64.975
-64.975
-64.975
-64.975
-64.975
-64.975
-64.975
-64.975
-64.975
-64.975
-64.975
-64.975
-64.975
-64.975
-64.975
-64.975
-64.975
-64.975
-64.975
-64.975
-64.975
-64.975
-64.975
-64.975
-64.975
-64.975
-64.975
-64.975
-64.975
-64.975
-64.975
-64.975
-64.975
-64.975
-64.975
-64.975
-64.975
-64.975
-64.975
-64.975
-64.975
-64.975
-64.975
-64.975
-64.975
-64.975
-64.975
-64.975
-64.975
-64.975
-64.975
-64.975
-64.975
-64.975
-64.975
-64.975
-64.975
-64.975
-64.975
-64.975
-64.975
-64.975
-64.975
-64.975
-64.975
-64.975
-64.975
-64.975
-64.975
-64.975
-64.975
-64.975
-64.975
-64.975
-64.975
-64.975
-64.975
-64.975
-64.975
-64.975
-64.9751
-64.9751
-64.9751
-64.9751
-64.9751
-64.9751
-64.9751
-64.9751
-64.9751
-64.9751
-64.9751
-64.9751
-64.9751
-64.9751
-64.9751
-64.9751
-64.9751
-64.9751
-64.9751
-64.9751
-64.9751
-64.9751
-64.9751
-64.9751
-64.9751
-64.9751
-64.9751
-64.9751
-64.9751
-64.9751
-64.9751
-64.9751
-64.9751
-64.9751
-64.9751
-64.9751
-64.9751
-64.9751
-64.9751
-64.9751
-64.9751
-64.9751
-64.9751
-64.9751
-64.9751
-64.9751
-64.9751
-64.9751
-64.9751
-64.9751
-64.9751
-64.9751
-64.9751
-64.9751
-64.9751
-64.9751
-64.9751
-64.9751
-64.9751
-64.9751
-64.9751
-64.9751
-64.9751
-64.9751
-64.9751
-64.9751
-64.9751
-64.9751
-64.9751
-64.9752
-64.9752
-64.9752
-64.9752
-64.9752
-64.9752
-64.9752
-64.9752
-64.9752
-64.9752
-64.9752
-64.9752
-64.9752
-64.9752
-64.9752
-64.9752
-64.9752
-64.9752
-64.9752
-64.9752
-64.9752
-64.9752
-64.9752
-64.9752
-64.9752
-64.9752
-64.9752
-64.9752

