-65
-65
-65
-65
-65
-65
-65
-65
-65
-65
-65
-65
-65
-65
-65
-65
-65
-65
-65
-65
-65
-65
-65
-65
-65
-65
-65
-65
-65
-65
-65
-65
-65
-65
-65
-65
-65
-65
-65
-65
-65
-65
-65
-65
-65
-65
-65
-65
-65
-65
-65
-65
-65
-65
-65
-65
-65
-65
-65
-65
-65
-65
-65
-65
-65
-65
-65
-65
-65
-65
-65
-65
-65
-65
-65
-65
-65
-65
-65
-65
-65
-65
-65
-65
-65
-65
-65
-65
-65
-65
-65
-65
-65
-65
-65
-65
-65
-65
-65
-65
-65
-65
-65
-65
-65
-65
-65
-65
-65
-65
-65
-65
-65
-65
-65
-65
-65
-65
-65
-65
-65
-64.9999
-64.9999
-64.9999
-64.9999
-64.9999
-64.9999
-64.9999
-64.9999
-64.9999
-64.9999
-64.9999
-64.9999
-64.9999
-64.9999
-64.9999
-64.9999
-64.9999
-64.9999
-64.9999
-64.9999
-64.9999
-64.9999
-64.9999
-64.9999
-64.9999
-64.9999
-64.9999
-64.9999
-64.9999
-64.9999
-64.9999
-64.9999
-64.9999
-64.9999
-64.9999
-64.9998
-64.9998
-64.9998
-64.9998
-64.9998
-64.9998
-64.9998
-64.9998
-64.9998
-64.9998
-64.9998
-64.9998
-64.9998
-64.9998
-64.9998
-64.9998
-64.9998
-64.9998
-64.9998
-64.9998
-64.9998
-64.9998
-64.9998
-64.9991
-64.9982
-64.997
-64.9957
-64.9941
-64.9924
-64.9905
-64.9885
-64.9862
-64.9839
-64.9814
-64.9787
-64.9759
-64.973
-64.97
-64.9669
-64.9636
-64.9603
-64.9568
-64.9533
-64.9496
-64.9459
-64.9421
-64.9383
-64.9343
-64.9303
-64.9262
-64.9221
-64.9179
-64.9136
-64.9093
-64.905
-64.9006
-64.8962
-64.8917
-64.8872
-64.8827
-64.8781
-64.8735
-64.8689
-64.8643
-64.8597
-64.855
-64.8503
-64.8456
-64.8409
-64.8362
-64.8315
-64.8268
-64.8221
-64.8174
-64.8126
-64.8079
-64.8032
-64.7985
-64.7938
-64.7891
-64.7844
-64.7798
-64.7751
-64.7704
-64.7658
-64.7612
-64.7566
-64.752
-64.7474
-64.7429
-64.7384
-64.7339
-64.7294
-64.7249
-64.7205
-64.7161
-64.7117
-64.7073
-64.7029
-64.6986
-64.6943
-64.6901
-64.6858
-64.6816
-64.6775
-64.6733
-64.6692
-64.6651
-64.661
-64.657
-64.653
-64.649
-64.6451
-64.6412
-64.6373
-64.6334
-64.6296
-64.6258
-64.6221
-64.6184
-64.6147
-64.611
-64.6074
-64.6038
-64.6002
-64.5967
-64.5932
-64.5897
-64.5863
-64.5829
-64.5796
-64.5762
-64.5729
-64.5697
-64.5664
-64.5632
-64.56
-64.5569
-64.5538
-64.5507
-64.5477
-64.5447
-64.5417
-64.5387
-64.5358
-64.5329
-64.5301
-64.5273
-64.5245
-64.5217
-64.519
-64.5163
-64.5136
-64.511
-64.5084
-64.5058
-64.5032
-64.5007
-64.4982
-64.4958
-64.4933
-64.4909
-64.4886
-64.4862
-64.4839
-64.4816
-64.4793
-64.4771
-64.4749
-64.4727
-64.4706
-64.4684
-64.4663
-64.4643
-64.4622
-64.4602
-64.4582
-64.4562
-64.4543
-64.4524
-64.4505
-64.4486
-64.4468
-64.4449
-64.4432
-64.4414
-64.4396
-64.4379
-64.4362
-64.4345
-64.4329
-64.4312
-64.4296
-64.4281
-64.4265
-64.4249
-64.4234
-64.4219
-64.4204
-64.419
-64.4176
-64.4161
-64.4147
-64.4134
-64.412
-64.4107
-64.4094
-64.4081
-64.4068
-64.4055
-64.4043
-64.4031
-64.4019
-64.4007
-64.3995
-64.3984
-64.3973
-64.3962
-64.3951
-64.394
-64.3929
-64.3919
-64.3909
-64.3899
-64.3889
-64.3879
-64.387
-64.386
-64.3851
-64.3842
-64.3833
-64.3824
-64.3815
-64.3807
-64.3799
-64.379
-64.3782
-64.3774
-64.3767
-64.3759
-64.3752
-64.3744
-64.3737
-64.373
-64.3723
-64.3716
-64.3709
-64.3703
-64.3696
-64.369
-64.3684
-64.3678
-64.3672
-64.3666
-64.366
-64.3655
-64.3649
-64.3644
-64.3639
-64.3634
-64.3629
-64.3624
-64.3619
-64.3614
-64.361
-64.3605
-64.3601
-64.3597
-64.3592
-64.3588
-64.3584
-64.3581
-64.3577
-64.3573
-64.3569
-64.3566
-64.3563
-64.3559
-64.3556
-64.3553
-64.355
-64.3547
-64.3544
-64.3541
-64.3539
-64.3536
-64.3533
-64.3531
-64.3529
-64.3526
-64.3524
-64.3522
-64.352
-64.3518
-64.3516
-64.3514
-64.3512
-64.3511
-64.3509
-64.3507
-64.3506
-64.3505
-64.3503
-64.3502
-64.3501
-64.35
-64.3498
-64.3497
-64.3496
-64.3496
-64.3495
-64.3494
-64.3493
-64.3493
-64.3492
-64.3491
-64.3491
-64.349
-64.349
-64.349
-64.3489
-64.3489
-64.3489
-64.3489
-64.3489
-64.3489
-64.3489
-64.3489
-64.3489
-64.3489
-64.349
-64.349
-64.349
-64.3491
-64.3491
-64.3491
-64.3492
-64.3492
-64.3493
-64.3494
-64.3494
-64.3495
-64.3496
-64.3497
-64.3497
-64.3498
-64.3499
-64.35
-64.3501
-64.3502
-64.3503
-64.3504
-64.3506
-64.3507
-64.3508
-64.3509
-64.351
-64.3512
-64.3513
-64.3515
-64.3516
-64.3517
-64.3519
-64.352
-64.3522
-64.3523
-64.3525
-64.3527
-64.3528
-64.353
-64.3532
-64.3533
-64.3535
-64.3537
-64.3539
-64.3541
-64.3543
-64.3544
-64.3546
-64.3548
-64.355
-64.3552
-64.3554
-64.3556
-64.3558
-64.3561
-64.3563
-64.3565
-64.3567
-64.3569
-64.3571
-64.3574
-64.3576
-64.3578
-64.358
-64.3583
-64.3585
-64.3587
-64.359
-64.3592
-64.3595
-64.3597
-64.3599
-64.3602
-64.3604
-64.3607
-64.3609
-64.3612
-64.3614
-64.3617
-64.362
-64.3622
-64.3625
-64.3627
-64.363
-64.3633
-64.3635
-64.3638
-64.3641
-64.3644
-64.3646
-64.3649
-64.3652
-64.3655
-64.3657
-64.366
-64.3663
-64.3666
-64.3669
-64.3672
-64.3674
-64.3677
-64.368
-64.3683
-64.3686
-64.3689
-64.3692
-64.3695
-64.3698
-64.3701
-64.3704
-64.3707
-64.371
-64.3713
-64.3716
-64.3719
-64.3722
-64.3725
-64.3728
-64.3731
-64.3734
-64.3737
-64.374
-64.3743
-64.3746
-64.375
-64.3753
-64.3756
-64.3759
-64.3762
-64.3765
-64.3768
-64.3772
-64.3775
-64.3778
-64.3781
-64.3784
-64.3788
-64.3791
-64.3794
-64.3797
-64.3801
-64.3804
-64.3807
-64.381
-64.3814
-64.3817
-64.382
-64.3823
-64.3827
-64.383
-64.3833
-64.3837
-64.384
-64.3843
-64.3846
-64.385
-64.3853
-64.3856
-64.386
-64.3863
-64.3867
-64.387
-64.3873
-64.3877
-64.388
-64.3883
-64.3887
-64.389
-64.3893
-64.3897
-64.39
-64.3904
-64.3907
-64.391
-64.3914
-64.3917
-64.3921
-64.3924
-64.3927
-64.3931
-64.3934
-64.3938
-64.3941
-64.3945
-64.3948
-64.3951
-64.3955
-64.3958
-64.3962
-64.3965
-64.3969
-64.3972
-64.3976
-64.3979
-64.3982
-64.3986
-64.3989
-64.3993
-64.3996
-64.4
-64.4003
-64.4007
-64.401
-64.4014
-64.4017
-64.4021
-64.4024
-64.4028
-64.4031
-64.4034
-64.4038
-64.4041
-64.4045
-64.4048
-64.4052
-64.4055
-64.4059
-64.4062
-64.4066
-64.4069
-64.4073
-64.4076
-64.408
-64.4083
-64.4087
-64.409
-64.4094
-64.4097
-64.4101
-64.4104
-64.4108
-64.4111
-64.4115
-64.4118
-64.4122
-64.4125
-64.4129
-64.4132
-64.4136
-64.4139
-64.4143
-64.4146
-64.415
-64.4153
-64.4157
-64.416
-64.4164
-64.4167
-64.4171
-64.4174
-64.4178
-64.4181
-64.4185
-64.4188
-64.4192
-64.4195
-64.4199
-64.4202
-64.4206
-64.4209
-64.4213
-64.4216
-64.422
-64.4223
-64.4227
-64.423
-64.4234
-64.4237
-64.4241
-64.4244
-64.4248
-64.4251
-64.4255
-64.4258
-64.4262
-64.4265
-64.4269
-64.4272
-64.4276
-64.4279
-64.4283
-64.4286
-64.429
-64.4293
-64.4297
-64.43
-64.4304
-64.4307
-64.4311
-64.4314
-64.4318
-64.4321
-64.4325
-64.4328
-64.4331
-64.4335
-64.4338
-64.4342
-64.4345
-64.4349
-64.4352
-64.4356
-64.4359
-64.4363
-64.4366
-64.4369
-64.4373
-64.4376
-64.438
-64.4383
-64.4387
-64.439
-64.4394
-64.4397
-64.44
-64.4404
-64.4407
-64.4411
-64.4414
-64.4418
-64.4421
-64.4424
-64.4428
-64.4431
-64.4435
-64.4438
-64.4442
-64.4445
-64.4448
-64.4452
-64.4455
-64.4459
-64.4462
-64.4465
-64.4469
-64.4472
-64.4476
-64.4479
-64.4482
-64.4486
-64.4489
-64.4493
-64.4496
-64.4499
-64.4503
-64.4506
-64.4509
-64.4513
-64.4516
-64.452
-64.4523
-64.4526
-64.453
-64.4533
-64.4536
-64.454
-64.4543
-64.4546
-64.455
-64.4553
-64.4557
-64.456
-64.4563
-64.4567
-64.457
-64.4573
-64.4577
-64.458
-64.4583
-64.4587
-64.459
-64.4593
-64.4597
-64.46
-64.4603
-64.4607
-64.461
-64.4613
-64.4617
-64.462
-64.4623
-64.4626
-64.463
-64.4633
-64.4636
-64.464
-64.4643
-64.4646
-64.465
-64.4653
-64.4656
-64.4659
-64.4663
-64.4666
-64.4669
-64.4673
-64.4676
-64.4679
-64.4682
-64.4686
-64.4689
-64.4692
-64.4696
-64.4699
-64.4702
-64.4705
-64.4709
-64.4712
-64.4715
-64.4718
-64.4722
-64.4725
-64.4728
-64.4731
-64.4735
-64.4738
-64.4741
-64.4744
-64.4748
-64.4751
-64.4754
-64.4757
-64.4761
-64.4764
-64.4767
-64.477
-64.4774
-64.4777
-64.478
-64.4783
-64.4786
-64.479
-64.4793
-64.4796
-64.4799
-64.4802
-64.4806
-64.4809
-64.4812
-64.4815
-64.4818
-64.4822
-64.4825
-64.4828
-64.4831
-64.4834
-64.4838
-64.4841
-64.4844
-64.4847
-64.485
-64.4854
-64.4857
-64.486
-64.4863
-64.4866
-64.4869
-64.4873
-64.4876
-64.4879
-64.4882
-64.4885
-64.4888
-64.4892
-64.4895
-64.4898
-64.4901
-64.4904
-64.4907
-64.491
-64.4914
-64.4917
-64.492
-64.4923
-64.4926
-64.4929
-64.4932
-64.4935
-64.4939
-64.4942
-64.4945
-64.4948
-64.4951
-64.4954
-64.4957
-64.496
-64.4964
-64.4967
-64.497
-64.4973
-64.4976
-64.4979
-64.4982
-64.4985
-64.4988
-64.4991
-64.4995
-64.4998
-64.5001
-64.5004
-64.5007
-64.501
-64.5013
-64.5016
-64.5019
-64.5022
-64.5025
-64.5028
-64.5031
-64.5034
-64.5037
-64.5041
-64.5044
-64.5047
-64.505
-64.5053
-64.5056
-64.5059
-64.5062
-64.5065
-64.5068
-64.5071
-64.5074
-64.5077
-64.508
-64.5083
-64.5086
-64.5089
-64.5092
-64.5095
-64.5098
-64.5101
-64.5104
-64.5107
-64.511
-64.5113
-64.5116
-64.5119
-64.5122
-64.5125
-64.5128
-64.5131
-64.5134
-64.5137
-64.514
-64.5143
-64.5146
-64.5149
-64.5152
-64.5155
-64.5158
-64.5161
-64.5164
-64.5167
-64.517
-64.5173
-64.5175
-64.5178
-64.5181
-64.5184
-64.5187
-64.519
-64.5193
-64.5196
-64.5199
-64.5202
-64.5205
-64.5208
-64.5211
-64.5214
-64.5217
-64.5219
-64.5222
-64.5225
-64.5228
-64.5231
-64.5234
-64.5237
-64.524
-64.5243
-64.5246
-64.5249
-64.5251
-64.5254
-64.5257
-64.526
-64.5263
-64.5266
-64.5269
-64.5272
-64.5274
-64.5277
-64.528
-64.5283
-64.5286
-64.5289
-64.5292
-64.5295
-64.5297
-64.53
-64.5303
-64.5306
-64.5309
-64.5312
-64.5315
-64.5317
-64.532
-64.5323
-64.5326
-64.5329
-64.5332
-64.5334
-64.5337
-64.534
-64.5343
-64.5346
-64.5349
-64.5351
-64.5354
-64.5357
-64.536
-64.5363
-64.5365
-64.5368
-64.5371
-64.5374
-64.5377
-64.538
-64.5382
-64.5385
-64.5388
-64.5391
-64.5394
-64.5396
-64.5399
-64.5402
-64.5405
-64.5407
-64.541
-64.5413
-64.5416
-64.5419
-64.5421
-64.5424
-64.5427
-64.543
-64.5432
-64.5435
-64.5438
-64.5441
-64.5443
-64.5446
-64.5449
-64.5452
-64.5455
-64.5457
-64.546
-64.5463
-64.5466
-64.5468
-64.5471
-64.5474
-64.5476
-64.5479
-64.5482
-64.5485
-64.5487
-64.549
-64.5493
-64.5496
-64.5498
-64.5501
-64.5504
-64.5506
-64.5509
-64.5512
-64.5515
-64.5517
-64.552
-64.5523
-64.5525
-64.5528
-64.5531
-64.5534
-64.5536
-64.5539
-64.5542
-64.5544
-64.5547
-64.555
-64.5552
-64.5555
-64.5558
-64.556
-64.5563
-64.5566
-64.5569
-64.5571
-64.5574
-64.5577
-64.5579
-64.5582
-64.5585
-64.5587
-64.559
-64.5593
-64.5595
-64.5598
-64.5601
-64.5603
-64.5606
-64.5609
-64.5611
-64.5614
-64.5616
-64.5619
-64.5622
-64.5624
-64.5627
-64.563
-64.5632
-64.5635
-64.5638
-64.564
-64.5643
-64.5646
-64.5648
-64.5651
-64.5653
-64.5656
-64.5659
-64.5661
-64.5664
-64.5666
-64.5669
-64.5672
-64.5674
-64.5677
-64.568
-64.5682
-64.5685
-64.5687
-64.569
-64.5693
-64.5695
-64.5698
-64.57
-64.5703
-64.5706
-64.5708
-64.5711
-64.5713
-64.5716
-64.5718
-64.5721
-64.5724
-64.5726
-64.5729
-64.5731
-64.5734
-64.5736
-64.5739
-64.5742
-64.5744
-64.5747
-64.5749
-64.5752
-64.5754
-64.5757
-64.5759
-64.5762
-64.5764
-64.5767
-64.577
-64.5772
-64.5775
-64.5777
-64.578
-64.5782
-64.5785
-64.5787
-64.579
-64.5792
-64.5795
-64.5797
-64.58
-64.5802
-64.5805
-64.5807
-64.581
-64.5812
-64.5815
-64.5817
-64.582
-64.5822
-64.5825
-64.5827
-64.583
-64.5832
-64.5835
-64.5837
-64.584
-64.5842
-64.5845
-64.5847
-64.585
-64.5852
-64.5854
-64.5857
-64.5859
-64.5862
-64.5864
-64.5867
-64.5869
-64.5872
-64.5874
-64.5877
-64.5879
-64.5881
-64.5884
-64.5886
-64.5889
-64.5891
-64.5894
-64.5896
-64.5898
-64.5901
-64.5903
-64.5906
-64.5908
-64.591
-64.5913
-64.5915
-64.5918
-64.592
-64.5922
-64.5925
-64.5927
-64.593
-64.5932
-64.5934
-64.5937
-64.5939
-64.5941
-64.5944
-64.5946
-64.5949
-64.5951
-64.5953
-64.5956
-64.5958
-64.596
-64.5963
-64.5965
-64.5967
-64.597
-64.5972
-64.5974
-64.5977
-64.5979
-64.5982
-64.5984
-64.5986
-64.5989
-64.5991
-64.5993
-64.5996
-64.5998
-64.6
-64.6002
-64.6005
-64.6007
-64.6009
-64.6012
-64.6014
-64.6016
-64.6019
-64.6021
-64.6023
-64.6026
-64.6028
-64.603
-64.6032
-64.6035
-64.6037
-64.6039
-64.6042
-64.6044
-64.6046
-64.6049
-64.6051
-64.6053
-64.6055
-64.6058
-64.606
-64.6062
-64.6064
-64.6067
-64.6069
-64.6071
-64.6074
-64.6076
-64.6078
-64.608
-64.6083
-64.6085
-64.6087
-64.6089
-64.6092
-64.6094
-64.6096
-64.6098
-64.6101
-64.6103
-64.6105
-64.6107
-64.611
-64.6112
-64.6114
-64.6116
-64.6118
-64.6121
-64.6123
-64.6125
-64.6127
-64.613
-64.6132
-64.6134
-64.6136
-64.6138
-64.6141
-64.6143
-64.6145
-64.6147
-64.6149
-64.6152
-64.6154
-64.6156
-64.6158
-64.616
-64.6163
-64.6165
-64.6167
-64.6169
-64.6171
-64.6174
-64.6176
-64.6178
-64.618
-64.6182
-64.6184
-64.6187
-64.6189
-64.6191
-64.6193
-64.6195
-64.6197
-64.62
-64.6202
-64.6204
-64.6206
-64.6208
-64.621
-64.6213
-64.6215
-64.6217
-64.6219
-64.6221
-64.6223
-64.6225
-64.6228
-64.623
-64.6232
-64.6234
-64.6236
-64.6238
-64.624
-64.6242
-64.6245
-64.6247
-64.6249
-64.6251
-64.6253
-64.6255
-64.6257
-64.6259
-64.6261
-64.6264
-64.6266
-64.6268
-64.627
-64.6272
-64.6274
-64.6276
-64.6278
-64.628
-64.6282
-64.6285
-64.6287
-64.6289
-64.6291
-64.6293
-64.6295
-64.6297
-64.6299
-64.6301
-64.6303
-64.6305
-64.6307
-64.6309
-64.6311
-64.6314
-64.6316
-64.6318
-64.632
-64.6322
-64.6324
-64.6326
-64.6328
-64.633
-64.6332
-64.6334
-64.6336
-64.6338
-64.634
-64.6342
-64.6344
-64.6346
-64.6348
-64.635
-64.6352
-64.6354
-64.6357
-64.6359
-64.6361
-64.6363
-64.6365
-64.6367
-64.6369
-64.6371
-64.6373
-64.6375
-64.6377
-64.6379
-64.6381
-64.6383
-64.6385
-64.6387
-64.6389
-64.6391
-64.6393
-64.6395
-64.6397
-64.6399
-64.6401
-64.6403
-64.6405
-64.6407
-64.6409
-64.6411
-64.6413
-64.6415
-64.6417
-64.6419
-64.6421
-64.6423
-64.6425
-64.6427
-64.6429
-64.6431
-64.6433
-64.6435
-64.6437
-64.6438
-64.644
-64.6442
-64.6444
-64.6446
-64.6448
-64.645
-64.6452
-64.6454
-64.6456
-64.6458
-64.646
-64.6462
-64.6464
-64.6466
-64.6468
-64.647
-64.6472
-64.6474
-64.6476
-64.6478
-64.648
-64.6482
-64.6483
-64.6485
-64.6487
-64.6489
-64.6491
-64.6493
-64.6495
-64.6497
-64.6499
-64.6501
-64.6503
-64.6505
-64.6507
-64.6509
-64.6511
-64.6512
-64.6514
-64.6516
-64.6518
-64.652
-64.6522
-64.6524
-64.6526
-64.6528
-64.653
-64.6532
-64.6534
-64.6535
-64.6537
-64.6539
-64.6541
-64.6543
-64.6545
-64.6547
-64.6549
-64.6551
-64.6553
-64.6554
-64.6556
-64.6558
-64.656
-64.6562
-64.6564
-64.6566
-64.6568
-64.657
-64.6572
-64.6573
-64.6575
-64.6577
-64.6579
-64.6581
-64.6583
-64.6585
-64.6587
-64.6588
-64.659
-64.6592
-64.6594
-64.6596
-64.6598
-64.66
-64.6602
-64.6603
-64.6605
-64.6607
-64.6609
-64.6611
-64.6613
-64.6615
-64.6616
-64.6618
-64.662
-64.6622
-64.6624
-64.6626
-64.6628
-64.6629
-64.6631
-64.6633
-64.6635
-64.6637
-64.6639
-64.6641
-64.6642
-64.6644
-64.6646
-64.6648
-64.665
-64.6652
-64.6647
-64.664
-64.663
-64.6619
-64.6605
-64.659
-64.6573
-64.6554
-64.6534
-64.6512
-64.6489
-64.6465
-64.6439
-64.6412
-64.6384
-64.6354
-64.6324
-64.6293
-64.626
-64.6227
-64.6192
-64.6157
-64.6121
-64.6085
-64.6047
-64.6009
-64.5971
-64.5931
-64.5891
-64.5851
-64.581
-64.5769
-64.5727
-64.5685
-64.5642
-64.5599
-64.5556
-64.5513
-64.5469
-64.5425
-64.5381
-64.5336
-64.5292
-64.5247
-64.5202
-64.5158
-64.5113
-64.5068
-64.5022
-64.4977
-64.4932
-64.4887
-64.4842
-64.4797
-64.4752
-64.4707
-64.4662
-64.4618
-64.4573
-64.4528
-64.4484
-64.444
-64.4396
-64.4352
-64.4308
-64.4264
-64.4221
-64.4178
-64.4135
-64.4092
-64.4049
-64.4007
-64.3965
-64.3923
-64.3882
-64.384
-64.3799
-64.3758
-64.3718
-64.3677
-64.3637
-64.3598
-64.3558
-64.3519
-64.348
-64.3441
-64.3403
-64.3365
-64.3327
-64.329
-64.3253
-64.3216
-64.318
-64.3144
-64.3108
-64.3072
-64.3037
-64.3002
-64.2968
-64.2933
-64.29
-64.2866
-64.2833
-64.28
-64.2767
-64.2735
-64.2703
-64.2671
-64.264
-64.2609
-64.2578
-64.2548
-64.2518
-64.2488
-64.2459
-64.243
-64.2401
-64.2372
-64.2344
-64.2316
-64.2289
-64.2262
-64.2235
-64.2208
-64.2182
-64.2156
-64.213
-64.2105
-64.208
-64.2055
-64.2031
-64.2007
-64.1983
-64.1959
-64.1936
-64.1913
-64.189
-64.1868
-64.1846
-64.1824
-64.1802
-64.1781
-64.176
-64.1739
-64.1719
-64.1699
-64.1679
-64.1659
-64.164
-64.1621
-64.1602
-64.1584
-64.1565
-64.1547
-64.1529
-64.1512
-64.1495
-64.1478
-64.1461
-64.1444
-64.1428
-64.1412
-64.1396
-64.138
-64.1365
-64.135
-64.1335
-64.132
-64.1306
-64.1292
-64.1278
-64.1264
-64.125
-64.1237
-64.1224
-64.1211
-64.1198
-64.1186
-64.1174
-64.1162
-64.115
-64.1138
-64.1126
-64.1115
-64.1104
-64.1093
-64.1083
-64.1072
-64.1062
-64.1052
-64.1042
-64.1032
-64.1022
-64.1013
-64.1004
-64.0994
-64.0986
-64.0977
-64.0968
-64.096
-64.0952
-64.0944
-64.0936
-64.0928
-64.092
-64.0913
-64.0906
-64.0899
-64.0892
-64.0885
-64.0878
-64.0872
-64.0865
-64.0859
-64.0853
-64.0847
-64.0841
-64.0835
-64.083
-64.0825
-64.0819
-64.0814
-64.0809
-64.0804
-64.08
-64.0795
-64.079
-64.0786
-64.0782
-64.0778
-64.0774
-64.077
-64.0766
-64.0762
-64.0759
-64.0755
-64.0752
-64.0749
-64.0746
-64.0743
-64.074
-64.0737
-64.0734
-64.0732
-64.0729
-64.0727
-64.0725
-64.0722
-64.072
-64.0718
-64.0716
-64.0715
-64.0713
-64.0711
-64.071
-64.0708
-64.0707
-64.0706
-64.0704
-64.0703
-64.0702
-64.0701
-64.0701
-64.07
-64.0699
-64.0698
-64.0698
-64.0697
-64.0697
-64.0697
-64.0697
-64.0696
-64.0696
-64.0696
-64.0696
-64.0696
-64.0697
-64.0697
-64.0697
-64.0698
-64.0698
-64.0699
-64.0699
-64.07
-64.0701
-64.0701
-64.0702
-64.0703
-64.0704
-64.0705
-64.0706
-64.0707
-64.0708
-64.071
-64.0711
-64.0712
-64.0714
-64.0715
-64.0717
-64.0718
-64.072
-64.0722
-64.0723
-64.0725
-64.0727
-64.0729
-64.0731
-64.0733
-64.0735
-64.0737
-64.0739
-64.0741
-64.0743
-64.0745
-64.0747
-64.075
-64.0752
-64.0754
-64.0757
-64.0759
-64.0762
-64.0764
-64.0767
-64.077
-64.0772
-64.0775
-64.0778
-64.078
-64.0783
-64.0786
-64.0789
-64.0792
-64.0795
-64.0798
-64.0801
-64.0804
-64.0807
-64.081
-64.0813
-64.0816
-64.082
-64.0823
-64.0826
-64.0829
-64.0833
-64.0836
-64.0839
-64.0843
-64.0846
-64.085
-64.0853
-64.0857
-64.086
-64.0864
-64.0867
-64.0871
-64.0874
-64.0878
-64.0882
-64.0885
-64.0889
-64.0893
-64.0897
-64.09
-64.0904
-64.0908
-64.0912
-64.0916
-64.092
-64.0923
-64.0927
-64.0931
-64.0935
-64.0939
-64.0943
-64.0947
-64.0951
-64.0955
-64.096
-64.0964
-64.0968
-64.0972
-64.0976
-64.098
-64.0984
-64.0989
-64.0993
-64.0997
-64.1001
-64.1005
-64.101
-64.1014
-64.1018
-64.1023
-64.1027
-64.1031
-64.1036
-64.104
-64.1044
-64.1049
-64.1053
-64.1058
-64.1062
-64.1066
-64.1071
-64.1075
-64.108
-64.1084
-64.1089
-64.1093
-64.1098
-64.1102
-64.1107
-64.1111
-64.1116
-64.1121
-64.1125
-64.113
-64.1134
-64.1139
-64.1144
-64.1148
-64.1153
-64.1157
-64.1162
-64.1167
-64.1171
-64.1176
-64.1181
-64.1185
-64.119
-64.1195
-64.12
-64.1204
-64.1209
-64.1214
-64.1219
-64.1223
-64.1228
-64.1233
-64.1238
-64.1242
-64.1247
-64.1252
-64.1257
-64.1262
-64.1266
-64.1271
-64.1276
-64.1281
-64.1286
-64.129
-64.1295
-64.13
-64.1305
-64.131
-64.1315
-64.132
-64.1324
-64.1329
-64.1334
-64.1339
-64.1344
-64.1349
-64.1354
-64.1359
-64.1363
-64.1368
-64.1373
-64.1378
-64.1383
-64.1388
-64.1393
-64.1398
-64.1403
-64.1408
-64.1413
-64.1418
-64.1422
-64.1427
-64.1432
-64.1437
-64.1442
-64.1447
-64.1452
-64.1457
-64.1462
-64.1467
-64.1472
-64.1477
-64.1482
-64.1487
-64.1492
-64.1497
-64.1502
-64.1507
-64.1512
-64.1517
-64.1522
-64.1527
-64.1532
-64.1537
-64.1542
-64.1547
-64.1552
-64.1557
-64.1562
-64.1567
-64.1572
-64.1577
-64.1582
-64.1586
-64.1591
-64.1596
-64.1601
-64.1606
-64.1611
-64.1616
-64.1621
-64.1626
-64.1631
-64.1636
-64.1641
-64.1646
-64.1651
-64.1656
-64.1661
-64.1666
-64.1671
-64.1676
-64.1681
-64.1686
-64.1691
-64.1696
-64.1701
-64.1706
-64.1711
-64.1716
-64.1721
-64.1726
-64.1731
-64.1736
-64.1741
-64.1746
-64.1751
-64.1756
-64.1761
-64.1766
-64.1771
-64.1776
-64.1781
-64.1786
-64.1791
-64.1796
-64.1801
-64.1806
-64.1811
-64.1816
-64.1821
-64.1826
-64.1831
-64.1836
-64.1841
-64.1846
-64.1851
-64.1856
-64.1861
-64.1866
-64.1871
-64.1876
-64.1881
-64.1886
-64.1891
-64.1896
-64.1901
-64.1906
-64.1911
-64.1916
-64.1921
-64.1925
-64.193
-64.1935
-64.194
-64.1945
-64.195
-64.1955
-64.196
-64.1965
-64.197
-64.1975
-64.198
-64.1985
-64.199
-64.1995
-64.2
-64.2005
-64.2009
-64.2014
-64.2019
-64.2024
-64.2029
-64.2034
-64.2039
-64.2044
-64.2049
-64.2054
-64.2059
-64.2064
-64.2068
-64.2073
-64.2078
-64.2083
-64.2088
-64.2093
-64.2098
-64.2103
-64.2108
-64.2113
-64.2117
-64.2122
-64.2127
-64.2132
-64.2137
-64.2142
-64.2147
-64.2152
-64.2156
-64.2161
-64.2166
-64.2171
-64.2176
-64.2181
-64.2186
-64.219
-64.2195
-64.22
-64.2205
-64.221
-64.2215
-64.2219
-64.2224
-64.2229
-64.2234
-64.2239
-64.2244
-64.2248
-64.2253
-64.2258
-64.2263
-64.2268
-64.2273
-64.2277
-64.2282
-64.2287
-64.2292
-64.2297
-64.2301
-64.2306
-64.2311
-64.2316
-64.2321
-64.2325
-64.233
-64.2335
-64.234
-64.2345
-64.2349
-64.2354
-64.2359
-64.2364
-64.2368
-64.2373
-64.2378
-64.2383
-64.2387
-64.2392
-64.2397
-64.2402
-64.2406
-64.2411
-64.2416
-64.2421
-64.2425
-64.243
-64.2435
-64.244
-64.2444
-64.2449
-64.2454
-64.2458
-64.2463
-64.2468
-64.2473
-64.2477
-64.2482
-64.2487
-64.2491
-64.2496
-64.2501
-64.2506
-64.251
-64.2515
-64.252
-64.2524
-64.2529
-64.2534
-64.2538
-64.2543
-64.2548
-64.2552
-64.2557
-64.2562
-64.2566
-64.2571
-64.2576
-64.258
-64.2585
-64.259
-64.2594
-64.2599
-64.2603
-64.2608
-64.2613
-64.2617
-64.2622
-64.2627
-64.2631
-64.2636
-64.264
-64.2645
-64.265
-64.2654
-64.2659
-64.2664
-64.2668
-64.2673
-64.2677
-64.2682
-64.2687
-64.2691
-64.2696
-64.27
-64.2705
-64.2709
-64.2714
-64.2719
-64.2723
-64.2728
-64.2732
-64.2737
-64.2741
-64.2746
-64.2751
-64.2755
-64.276
-64.2764
-64.2769
-64.2773
-64.2778
-64.2782
-64.2787
-64.2791
-64.2796
-64.28
-64.2805
-64.2809
-64.2814
-64.2818
-64.2823
-64.2828
-64.2832
-64.2837
-64.2841
-64.2846
-64.285
-64.2854
-64.2859
-64.2863
-64.2868
-64.2872
-64.2877
-64.2881
-64.2886
-64.289
-64.2895
-64.2899
-64.2904
-64.2908
-64.2913
-64.2917
-64.2922
-64.2926
-64.293
-64.2935
-64.2939
-64.2944
-64.2948
-64.2953
-64.2957
-64.2962
-64.2966
-64.297
-64.2975
-64.2979
-64.2984
-64.2988
-64.2992
-64.2997
-64.3001
-64.3006
-64.301
-64.3014
-64.3019
-64.3023
-64.3028
-64.3032
-64.3036
-64.3041
-64.3045
-64.3049
-64.3054
-64.3058
-64.3063
-64.3067
-64.3071
-64.3076
-64.308
-64.3084
-64.3089
-64.3093
-64.3097
-64.3102
-64.3106
-64.311
-64.3115
-64.3119
-64.3123
-64.3128
-64.3132
-64.3136
-64.3141
-64.3145
-64.3149
-64.3154
-64.3158
-64.3162
-64.3167
-64.3171
-64.3175
-64.3179
-64.3184
-64.3188
-64.3192
-64.3197
-64.3201
-64.3205
-64.3209
-64.3214
-64.3218
-64.3222
-64.3227
-64.3231
-64.3235
-64.3239
-64.3237
-64.3232
-64.3225
-64.3216
-64.3205
-64.3192
-64.3178
-64.3162
-64.3144
-64.3125
-64.3104
-64.3082
-64.3059
-64.3035
-64.3009
-64.2982
-64.2954
-64.2926
-64.2896
-64.2865
-64.2833
-64.2801
-64.2767
-64.2733
-64.2698
-64.2663
-64.2627
-64.259
-64.2553
-64.2515
-64.2477
-64.2438
-64.2399
-64.2359
-64.2319
-64.2279
-64.2238
-64.2197
-64.2156
-64.2115
-64.2073
-64.2031
-64.1989
-64.1947
-64.1905
-64.1863
-64.182
-64.1778
-64.1736
-64.1693
-64.165
-64.1608
-64.1565
-64.1523
-64.1481
-64.1438
-64.1396
-64.1354
-64.1312
-64.127
-64.1228
-64.1186
-64.1145
-64.1103
-64.1062
-64.1021
-64.098
-64.0939
-64.0899
-64.0859
-64.0819
-64.0779
-64.0739
-64.07
-64.0661
-64.0622
-64.0583
-64.0545
-64.0507
-64.0469
-64.0432
-64.0394
-64.0357
-64.0321
-64.0284
-64.0248
-64.0212
-64.0177
-64.0142
-64.0107
-64.0072
-64.0038
-64.0004
-63.997
-63.9937
-63.9904
-63.9871
-63.9838
-63.9806
-63.9775
-63.9743
-63.9712
-63.9681
-63.9651
-63.962
-63.959
-63.9561
-63.9532
-63.9503
-63.9474
-63.9446
-63.9418
-63.939
-63.9363
-63.9336
-63.9309
-63.9283
-63.9257
-63.9231
-63.9205
-63.918
-63.9155
-63.9131
-63.9107
-63.9083
-63.9059
-63.9036
-63.9013
-63.899
-63.8968
-63.8946
-63.8924
-63.8902
-63.8881
-63.886
-63.8839
-63.8819
-63.8799
-63.8779
-63.876
-63.8741
-63.8722
-63.8703
-63.8684
-63.8666
-63.8648
-63.8631
-63.8614
-63.8596
-63.858
-63.8563
-63.8547
-63.8531
-63.8515
-63.8499
-63.8484
-63.8469
-63.8454
-63.844
-63.8426
-63.8411
-63.8398
-63.8384
-63.8371
-63.8358
-63.8345
-63.8332
-63.832
-63.8307
-63.8295
-63.8284
-63.8272
-63.8261
-63.825
-63.8239
-63.8228
-63.8218
-63.8207
-63.8197
-63.8187
-63.8178
-63.8168
-63.8159
-63.815
-63.8141
-63.8132
-63.8124
-63.8115
-63.8107
-63.8099
-63.8091
-63.8084
-63.8076
-63.8069
-63.8062
-63.8055
-63.8048
-63.8042
-63.8035
-63.8029
-63.8023
-63.8017
-63.8011
-63.8006
-63.8
-63.7995
-63.799
-63.7985
-63.798
-63.7975
-63.7971
-63.7966
-63.7962
-63.7958
-63.7954
-63.795
-63.7946
-63.7943
-63.794
-63.7936
-63.7933
-63.793
-63.7927
-63.7924
-63.7922
-63.7919
-63.7917
-63.7914
-63.7912
-63.791
-63.7908
-63.7906
-63.7905
-63.7903
-63.7902
-63.79
-63.7899
-63.7898
-63.7897
-63.7896
-63.7895
-63.7894
-63.7894
-63.7893
-63.7893
-63.7893
-63.7892
-63.7892
-63.7892
-63.7892
-63.7892
-63.7893
-63.7893
-63.7893
-63.7894
-63.7894
-63.7895
-63.7896
-63.7897
-63.7898
-63.7899
-63.79
-63.7901
-63.7902
-63.7903
-63.7905
-63.7906
-63.7908
-63.7909
-63.7911
-63.7913
-63.7915
-63.7917
-63.7919
-63.7921
-63.7923
-63.7925
-63.7927
-63.793
-63.7932
-63.7934
-63.7937
-63.794
-63.7942
-63.7945
-63.7948
-63.795
-63.7953
-63.7956
-63.7959
-63.7962
-63.7965
-63.7969
-63.7972
-63.7975
-63.7978
-63.7982
-63.7985
-63.7989
-63.7992
-63.7996
-63.7999
-63.8003
-63.8007
-63.801
-63.8014
-63.8018
-63.8022
-63.8026
-63.803
-63.8034
-63.8038
-63.8042
-63.8046
-63.8051
-63.8055
-63.8059
-63.8063
-63.8068
-63.8072
-63.8077
-63.8081
-63.8086
-63.809
-63.8095
-63.8099
-63.8104
-63.8109
-63.8113
-63.8118
-63.8123
-63.8128
-63.8132
-63.8137
-63.8142
-63.8147
-63.8152
-63.8157
-63.8162
-63.8167
-63.8172
-63.8177
-63.8183
-63.8188
-63.8193
-63.8198
-63.8203
-63.8209
-63.8214
-63.8219
-63.8225
-63.823
-63.8235
-63.8241
-63.8246
-63.8252
-63.8257
-63.8263
-63.8268
-63.8274
-63.828
-63.8285
-63.8291
-63.8296
-63.8302
-63.8308
-63.8313
-63.8319
-63.8325
-63.8331
-63.8336
-63.8342
-63.8348
-63.8354
-63.836
-63.8366
-63.8371
-63.8377
-63.8383
-63.8389
-63.8395
-63.8401
-63.8407
-63.8413
-63.8419
-63.8425
-63.8431
-63.8437
-63.8443
-63.8449
-63.8455
-63.8462
-63.8468
-63.8474
-63.848
-63.8486
-63.8492
-63.8498
-63.8505
-63.8511
-63.8517
-63.8523
-63.8529
-63.8536
-63.8542
-63.8548
-63.8555
-63.8561
-63.8567
-63.8573
-63.858
-63.8586
-63.8592
-63.8599
-63.8605
-63.8611
-63.8618
-63.8624
-63.8631
-63.8637
-63.8643
-63.865
-63.8656
-63.8663
-63.8669
-63.8675
-63.8682
-63.8688
-63.8695
-63.8701
-63.8708
-63.8714
-63.8721
-63.8727
-63.8734
-63.874
-63.8747
-63.8753
-63.876
-63.8766
-63.8773
-63.8779
-63.8786
-63.8792
-63.8799
-63.8806
-63.8812
-63.8819
-63.8825
-63.8832
-63.8838
-63.8845
-63.8851
-63.8858
-63.8865
-63.8871
-63.8878
-63.8884
-63.8891
-63.8898
-63.8904
-63.8911
-63.8917
-63.8924
-63.8931
-63.8937
-63.8944
-63.8951
-63.8957
-63.8964
-63.897
-63.8977
-63.8984
-63.899
-63.8997
-63.9004
-63.901
-63.9017
-63.9024
-63.903
-63.9037
-63.9044
-63.905
-63.9057
-63.9063
-63.907
-63.9077
-63.9083
-63.909
-63.9097
-63.9103
-63.911
-63.9117
-63.9123
-63.913
-63.9137
-63.9143
-63.915
-63.9157
-63.9163
-63.917
-63.9177
-63.9183
-63.919
-63.9197
-63.9203
-63.921
-63.9217
-63.9223
-63.923
-63.9237
-63.9243
-63.925
-63.9257
-63.9263
-63.927
-63.9277
-63.9283
-63.929
-63.9297
-63.9303
-63.931
-63.9317
-63.9323
-63.933
-63.9336
-63.9343
-63.935
-63.9356
-63.9363
-63.937
-63.9376
-63.9383
-63.939
-63.9396
-63.9403
-63.941
-63.9416
-63.9423
-63.9429
-63.9436
-63.9443
-63.9449
-63.9456
-63.9463
-63.9469
-63.9476
-63.9482
-63.9489
-63.9496
-63.9502
-63.9509
-63.9515
-63.9522
-63.9529
-63.9535
-63.9542
-63.9548
-63.9555
-63.9562
-63.9568
-63.9575
-63.9581
-63.9588
-63.9595
-63.9601
-63.9608
-63.9614
-63.9621
-63.9627
-63.9634
-63.9641
-63.9647
-63.9654
-63.966
-63.9667
-63.9673
-63.968
-63.9686
-63.9693
-63.97
-63.9706
-63.9713
-63.9719
-63.9726
-63.9732
-63.9739
-63.9745
-63.9752
-63.9758
-63.9765
-63.9771
-63.9778
-63.9784
-63.9791
-63.9797
-63.9804
-63.981
-63.9817
-63.9823
-63.983
-63.9836
-63.9843
-63.9849
-63.9856
-63.9862
-63.9869
-63.9875
-63.9882
-63.9888
-63.9895
-63.9901
-63.9907
-63.9914
-63.992
-63.9927
-63.9933
-63.994
-63.9946
-63.9953
-63.9959
-63.9965
-63.9972
-63.9978
-63.9985
-63.9991
-63.9997
-64.0004
-64.001
-64.0017
-64.0023
-64.0029
-64.0036
-64.0042
-64.0049
-64.0055
-64.0061
-64.0068
-64.0074
-64.008
-64.0081
-64.0078
-64.0073
-64.0066
-64.0057
-64.0046
-64.0034
-64.002
-64.0005
-63.9988
-63.9969
-63.995
-63.9929
-63.9907
-63.9883
-63.9859
-63.9833
-63.9806
-63.9779
-63.975
-63.9721
-63.969
-63.9659
-63.9627
-63.9595
-63.9562
-63.9528
-63.9493
-63.9458
-63.9423
-63.9387
-63.935
-63.9313
-63.9276
-63.9238
-63.92
-63.9162
-63.9124
-63.9085
-63.9046
-63.9006
-63.8967
-63.8927
-63.8887
-63.8847
-63.8807
-63.8767
-63.8727
-63.8687
-63.8647
-63.8606
-63.8566
-63.8526
-63.8486
-63.8446
-63.8406
-63.8366
-63.8326
-63.8286
-63.8246
-63.8207
-63.8167
-63.8128
-63.8089
-63.805
-63.8011
-63.7966
-63.7919
-63.7869
-63.7818
-63.7765
-63.771
-63.7655
-63.7597
-63.7539
-63.7479
-63.7418
-63.7356
-63.7293
-63.7229
-63.7164
-63.7098
-63.7032
-63.6965
-63.6897
-63.6828
-63.6759
-63.6689
-63.6619
-63.6549
-63.6478
-63.6406
-63.6335
-63.6263
-63.619
-63.6118
-63.6045
-63.5973
-63.59
-63.5827
-63.5754
-63.5681
-63.5608
-63.5535
-63.5463
-63.539
-63.5317
-63.5245
-63.5173
-63.5101
-63.5029
-63.4957
-63.4885
-63.4814
-63.4743
-63.4673
-63.4602
-63.4532
-63.4463
-63.4394
-63.4325
-63.4256
-63.4188
-63.412
-63.4053
-63.3986
-63.3919
-63.3853
-63.3788
-63.3722
-63.3658
-63.3593
-63.353
-63.3466
-63.3404
-63.3341
-63.328
-63.3218
-63.3158
-63.3097
-63.3038
-63.2979
-63.292
-63.2862
-63.2804
-63.2747
-63.2691
-63.2635
-63.2579
-63.2524
-63.247
-63.2416
-63.2363
-63.231
-63.2258
-63.2207
-63.2156
-63.2105
-63.2055
-63.2006
-63.1957
-63.1909
-63.1861
-63.1814
-63.1767
-63.1721
-63.1675
-63.163
-63.1586
-63.1542
-63.1498
-63.1456
-63.1413
-63.1371
-63.133
-63.1289
-63.1249
-63.1209
-63.117
-63.1131
-63.1093
-63.1056
-63.1018
-63.0982
-63.0946
-63.091
-63.0875
-63.084
-63.0806
-63.0772
-63.0739
-63.0706
-63.0674
-63.0642
-63.0611
-63.058
-63.055
-63.052
-63.049
-63.0461
-63.0432
-63.0404
-63.0377
-63.0349
-63.0323
-63.0296
-63.027
-63.0245
-63.022
-63.0195
-63.0171
-63.0147
-63.0123
-63.01
-63.0078
-63.0055
-63.0034
-63.0012
-62.9991
-62.997
-62.995
-62.993
-62.991
-62.9891
-62.9872
-62.9854
-62.9836
-62.9818
-62.9801
-62.9784
-62.9767
-62.975
-62.9734
-62.9719
-62.9703
-62.9688
-62.9674
-62.9659
-62.9645
-62.9631
-62.9618
-62.9605
-62.9592
-62.958
-62.9567
-62.9555
-62.9544
-62.9532
-62.9521
-62.9511
-62.95
-62.949
-62.948
-62.947
-62.9461
-62.9452
-62.9443
-62.9434
-62.9426
-62.9418
-62.941
-62.9403
-62.9395
-62.9388
-62.9381
-62.9375
-62.9368
-62.9362
-62.9356
-62.9351
-62.9345
-62.934
-62.9335
-62.933
-62.9326
-62.9321
-62.9317
-62.9313
-62.931
-62.9306
-62.9303
-62.93
-62.9297
-62.9294
-62.9292
-62.9289
-62.9287
-62.9285
-62.9283
-62.9282
-62.928
-62.9279
-62.9278
-62.9277
-62.9277
-62.9276
-62.9276
-62.9275
-62.9275
-62.9276
-62.9276
-62.9276
-62.9277
-62.9278
-62.9279
-62.928
-62.9281
-62.9282
-62.9284
-62.9285
-62.9287
-62.9289
-62.9291
-62.9293
-62.9296
-62.9298
-62.9301
-62.9303
-62.9306
-62.9309
-62.9312
-62.9315
-62.9319
-62.9322
-62.9326
-62.933
-62.9333
-62.9337
-62.9341
-62.9346
-62.935
-62.9354
-62.9359
-62.9363
-62.9368
-62.9373
-62.9378
-62.9383
-62.9388
-62.9393
-62.9398
-62.9404
-62.9409
-62.9415
-62.942
-62.9426
-62.9432
-62.9438
-62.9444
-62.945
-62.9456
-62.9463
-62.9469
-62.9475
-62.9482
-62.9489
-62.9495
-62.9502
-62.9509
-62.9516
-62.9523
-62.953
-62.9537
-62.9544
-62.9552
-62.9559
-62.9566
-62.9574
-62.9581
-62.9589
-62.9597
-62.9605
-62.9612
-62.962
-62.9628
-62.9636
-62.9644
-62.9652
-62.9661
-62.9669
-62.9677
-62.9685
-62.9694
-62.9702
-62.9711
-62.9719
-62.9728
-62.9737
-62.9745
-62.9754
-62.9763
-62.9772
-62.9781
-62.979
-62.9799
-62.9808
-62.9817
-62.9826
-62.9835
-62.9845
-62.9854
-62.9863
-62.9873
-62.9882
-62.9891
-62.9901
-62.991
-62.992
-62.993
-62.9939
-62.9949
-62.9959
-62.9968
-62.9978
-62.9988
-62.9998
-63.0008
-63.0018
-63.0028
-63.0038
-63.0048
-63.0058
-63.0068
-63.0078
-63.0088
-63.0098
-63.0108
-63.0118
-63.0129
-63.0139
-63.0149
-63.016
-63.017
-63.018
-63.0191
-63.0201
-63.0212
-63.0222
-63.0233
-63.0243
-63.0254
-63.0264
-63.0275
-63.0285
-63.0296
-63.0307
-63.0317
-63.0328
-63.0339
-63.0349
-63.036
-63.0371
-63.0382
-63.0393
-63.0403
-63.0414
-63.0425
-63.0436
-63.0447
-63.0458
-63.0469
-63.048
-63.049
-63.0501
-63.0512
-63.0523
-63.0534
-63.0545
-63.0556
-63.0568
-63.0579
-63.059
-63.0601
-63.0612
-63.0623
-63.0634
-63.0645
-63.0656
-63.0668
-63.0679
-63.069
-63.0701
-63.0712
-63.0723
-63.0735
-63.0746
-63.0757
-63.0768
-63.078
-63.0791
-63.0802
-63.0813
-63.0825
-63.0836
-63.0847
-63.0859
-63.087
-63.0881
-63.0892
-63.0904
-63.0915
-63.0926
-63.0938
-63.0949
-63.0961
-63.0972
-63.0983
-63.0995
-63.1006
-63.1017
-63.1029
-63.104
-63.1052
-63.1063
-63.1074
-63.1086
-63.1097
-63.1109
-63.112
-63.1131
-63.1143
-63.1154
-63.1166
-63.1177
-63.1189
-63.12
-63.1211
-63.1223
-63.1234
-63.1246
-63.1257
-63.1269
-63.128
-63.1292
-63.1303
-63.1314
-63.1326
-63.1337
-63.1349
-63.136
-63.1372
-63.1383
-63.1395
-63.1406
-63.1417
-63.1429
-63.144
-63.1452
-63.1463
-63.1475
-63.1486
-63.1498
-63.1509
-63.1521
-63.1532
-63.1543
-63.1555
-63.1566
-63.1578
-63.1589
-63.1601
-63.1612
-63.1624
-63.1635
-63.1646
-63.1658
-63.1669
-63.1681
-63.1692
-63.1704
-63.1715
-63.1726
-63.1738
-63.1749
-63.1761
-63.1772
-63.1784
-63.1795
-63.1806
-63.1818
-63.1829
-63.1841
-63.1852
-63.1863
-63.1875
-63.1886
-63.1898
-63.1909
-63.192
-63.1932
-63.1943
-63.1954
-63.1966
-63.1977
-63.1989
-63.2
-63.2011
-63.2023
-63.2034
-63.2045
-63.2057
-63.2068
-63.2079
-63.2091
-63.2102
-63.2113
-63.2125
-63.2136
-63.2147
-63.2158
-63.217
-63.2181
-63.2192
-63.2204
-63.2215
-63.2226
-63.2238
-63.2249
-63.226
-63.2271
-63.2283
-63.2294
-63.2305
-63.2316
-63.2328
-63.2339
-63.235
-63.2361
-63.2372
-63.2384
-63.2395
-63.2406
-63.2417
-63.2428
-63.244
-63.2451
-63.2462
-63.2473
-63.2484
-63.2496
-63.2507
-63.2518
-63.2529
-63.254
-63.2551
-63.2562
-63.2574
-63.2585
-63.2596
-63.2607
-63.2618
-63.2629
-63.264
-63.2651
-63.2662
-63.2674
-63.2685
-63.2696
-63.2707
-63.2718
-63.2729
-63.274
-63.2751
-63.2762
-63.2773
-63.2784
-63.2795
-63.2806
-63.2817
-63.2828
-63.2839
-63.285
-63.2861
-63.2872
-63.2883
-63.2894
-63.2905
-63.2916
-63.2927
-63.2938
-63.2949
-63.296
-63.2971
-63.2982
-63.2993
-63.3004
-63.3014
-63.3025
-63.3036
-63.3047
-63.3058
-63.3069
-63.308
-63.3091
-63.3101
-63.3112
-63.3123
-63.3134
-63.3145
-63.3156
-63.3167
-63.3177
-63.3188
-63.3199
-63.321
-63.3221
-63.3231
-63.3242
-63.3253
-63.3264
-63.3274
-63.3285
-63.3296
-63.3307
-63.3317
-63.3328
-63.3339
-63.335
-63.336
-63.3371
-63.3382
-63.3393
-63.3403
-63.3414
-63.3425
-63.3435
-63.3446
-63.3457
-63.3467
-63.3478
-63.3489
-63.3499
-63.351
-63.352
-63.3531
-63.3542
-63.3552
-63.3563
-63.3573
-63.3584
-63.3595
-63.3605
-63.3616
-63.3626
-63.3637
-63.3647
-63.3658
-63.3669
-63.3679
-63.369
-63.37
-63.3711
-63.3721
-63.3732
-63.3742
-63.3753
-63.3763
-63.3774
-63.3784
-63.3795
-63.3805
-63.3815
-63.3826
-63.3836
-63.3847
-63.3857
-63.3868
-63.3878
-63.3888
-63.3899
-63.3909
-63.392
-63.393
-63.394
-63.3951
-63.3961
-63.3971
-63.3982
-63.3992
-63.4002
-63.4013
-63.4023
-63.4033
-63.4044
-63.4054
-63.4064
-63.4075
-63.4085
-63.4095
-63.4106
-63.4116
-63.4126
-63.4136
-63.4147
-63.4157
-63.4167
-63.4177
-63.4187
-63.4198
-63.4208
-63.4218
-63.4228
-63.4239
-63.4249
-63.4259
-63.4269
-63.4279
-63.4289
-63.43
-63.431
-63.432
-63.433
-63.434
-63.435
-63.436
-63.437
-63.4381
-63.4391
-63.4401
-63.4411
-63.4421
-63.4431
-63.4441
-63.4451
-63.4461
-63.4471
-63.4481
-63.4491
-63.4501
-63.4511
-63.4521
-63.4531
-63.4541
-63.4551
-63.4561
-63.4571
-63.4581
-63.4591
-63.4601
-63.4611
-63.4621
-63.4631
-63.4641
-63.4651
-63.4661
-63.4671
-63.4681
-63.4691
-63.4701
-63.471
-63.472
-63.473
-63.474
-63.475
-63.476
-63.477
-63.478
-63.4789
-63.4799
-63.4809
-63.4819
-63.4829
-63.4839
-63.4848
-63.4858
-63.4868
-63.4878
-63.4888
-63.4897
-63.4907
-63.4917
-63.4927
-63.4936
-63.4946
-63.4956
-63.4966
-63.4975
-63.4985
-63.4995
-63.5004
-63.5014
-63.5024
-63.5034
-63.5043
-63.5053
-63.5063
-63.5072
-63.5082
-63.5092
-63.5101
-63.5111
-63.512
-63.513
-63.514
-63.5149
-63.5159
-63.5169
-63.5178
-63.5188
-63.5197
-63.5207
-63.5216
-63.5226
-63.5236
-63.5245
-63.5255
-63.5264
-63.5274
-63.5283
-63.5293
-63.5302
-63.5312
-63.5321
-63.5331
-63.534
-63.535
-63.5359
-63.5369
-63.5378
-63.5388
-63.5397
-63.5407
-63.5416
-63.5426
-63.5435
-63.5444
-63.5454
-63.5463
-63.5473
-63.5482
-63.5491
-63.5501
-63.551
-63.552
-63.5529
-63.5538
-63.5548
-63.5557
-63.5566
-63.5576
-63.5585
-63.5594
-63.5604
-63.5613
-63.5622
-63.5632
-63.5641
-63.565
-63.566
-63.5669
-63.5678
-63.5687
-63.5697
-63.5706
-63.5715
-63.5724
-63.5734
-63.5743
-63.5752
-63.5761
-63.5771
-63.578
-63.5789
-63.5798
-63.5807
-63.5817
-63.5826
-63.5835
-63.5844
-63.5853
-63.5863
-63.5872
-63.5881
-63.589
-63.5899
-63.5908
-63.5917
-63.5926
-63.5936
-63.5945
-63.5954
-63.5963
-63.5972
-63.5981
-63.599
-63.5999
-63.6008
-63.6017
-63.6026
-63.6035
-63.6044
-63.6053
-63.6063
-63.6072
-63.6081
-63.609
-63.6099
-63.6108
-63.6117
-63.6126
-63.6135
-63.6144
-63.6153
-63.6161
-63.617
-63.6179
-63.6188
-63.6197
-63.6206
-63.6215
-63.6224
-63.6233
-63.6242
-63.6251
-63.626
-63.6269
-63.6278
-63.6286
-63.6295
-63.6304
-63.6313
-63.6322
-63.6331
-63.634
-63.6348
-63.6357
-63.6366
-63.6375
-63.6384
-63.6393
-63.6401
-63.641
-63.6419
-63.6428
-63.6437
-63.6445
-63.6454
-63.6463
-63.6472
-63.648
-63.6489
-63.6498
-63.6507
-63.6515
-63.6524
-63.6533
-63.6542
-63.655
-63.6559
-63.6568
-63.6576
-63.6585
-63.6594
-63.6602
-63.6611
-63.662
-63.6629
-63.6637
-63.6646
-63.6654
-63.6663
-63.6672
-63.668
-63.6689
-63.6698
-63.6706
-63.6715
-63.6723
-63.6732
-63.6741
-63.6749
-63.6758
-63.6766
-63.6775
-63.6784
-63.6792
-63.6801
-63.6809
-63.6818
-63.6826
-63.6835
-63.6843
-63.6852
-63.686
-63.6869
-63.6877
-63.6886
-63.6894
-63.6903
-63.6911
-63.692
-63.6928
-63.6937
-63.6945
-63.6954
-63.6962
-63.6971
-63.6979
-63.6987
-63.6996
-63.7004
-63.7013
-63.7021
-63.7029
-63.7038
-63.7046
-63.7055
-63.7063
-63.7071
-63.708
-63.7088
-63.7097
-63.7105
-63.7113
-63.7122
-63.713
-63.7138
-63.7147
-63.7155
-63.7163
-63.7172
-63.718
-63.7188
-63.7196
-63.7205
-63.7213
-63.7221
-63.723
-63.7238
-63.7246
-63.7254
-63.7263
-63.7271
-63.7279
-63.7287
-63.7296
-63.7304
-63.7312
-63.732
-63.7328
-63.7337
-63.7345
-63.7353
-63.7361
-63.7369
-63.7378
-63.7386
-63.7394
-63.7402
-63.741
-63.7418
-63.7427
-63.7435
-63.7443
-63.7451
-63.7459
-63.7467
-63.7475
-63.7483
-63.7492
-63.75
-63.7508
-63.7516
-63.7524
-63.7532
-63.754
-63.7548
-63.7556
-63.7564
-63.7572
-63.758
-63.7588
-63.7596
-63.7604
-63.7613
-63.7621
-63.7629
-63.7637
-63.7645
-63.7653
-63.7661
-63.7669
-63.7677
-63.7685
-63.7693
-63.77
-63.7708
-63.7716
-63.7724
-63.7732
-63.774
-63.7748
-63.7756
-63.7764
-63.7772
-63.778
-63.7788
-63.7796
-63.7804
-63.7812
-63.7819
-63.7827
-63.7835
-63.7843
-63.7851
-63.7859
-63.7867
-63.7875
-63.7882
-63.789
-63.7898
-63.7906
-63.7914
-63.7922
-63.7929
-63.7937
-63.7945
-63.7953
-63.7961
-63.7968
-63.7976
-63.7984
-63.7992
-63.8
-63.8007
-63.8015
-63.8023
-63.8031
-63.8038
-63.8046
-63.8054
-63.8062
-63.8069
-63.8077
-63.8085
-63.8092
-63.81
-63.8108
-63.8116
-63.8123
-63.8131
-63.8139
-63.8146
-63.8154
-63.8162
-63.8169
-63.8177
-63.8185
-63.8192
-63.82
-63.8208
-63.8215
-63.8223
-63.8231
-63.8238
-63.8246
-63.8253
-63.8261
-63.8269
-63.8276
-63.8284
-63.8291
-63.8299
-63.8307
-63.8314
-63.8322
-63.8329
-63.8337
-63.8344
-63.8352
-63.8359
-63.8367
-63.8374
-63.8382
-63.839
-63.8397
-63.8405
-63.8412
-63.842
-63.8427
-63.8435
-63.8442
-63.8443
-63.8442
-63.8438
-63.8432
-63.8424
-63.8415
-63.8404
-63.8391
-63.8377
-63.8361
-63.8344
-63.8325
-63.8306
-63.8284
-63.8262
-63.8239
-63.8214
-63.8189
-63.8162
-63.8135
-63.8107
-63.8072
-63.8033
-63.7991
-63.7946
-63.7899
-63.7849
-63.7797
-63.7744
-63.7688
-63.763
-63.757
-63.7508
-63.7445
-63.738
-63.7313
-63.7246
-63.7176
-63.7106
-63.7034
-63.6962
-63.6888
-63.6813
-63.6737
-63.666
-63.6583
-63.6505
-63.6426
-63.6347
-63.6267
-63.6186
-63.6105
-63.6023
-63.5942
-63.5859
-63.5777
-63.5694
-63.5611
-63.5528
-63.5445
-63.5361
-63.5278
-63.5195
-63.5111
-63.5028
-63.4944
-63.4861
-63.4778
-63.4695
-63.4612
-63.4529
-63.4447
-63.4365
-63.4283
-63.4201
-63.412
-63.4039
-63.3958
-63.3878
-63.3798
-63.3718
-63.3639
-63.3561
-63.3482
-63.3405
-63.3327
-63.325
-63.3174
-63.3098
-63.3022
-63.2948
-63.2873
-63.2799
-63.2726
-63.2653
-63.2581
-63.2509
-63.2438
-63.2368
-63.2298
-63.2228
-63.216
-63.2092
-63.2024
-63.1957
-63.1891
-63.1825
-63.176
-63.1695
-63.1631
-63.1568
-63.1505
-63.1443
-63.1382
-63.1321
-63.1261
-63.1201
-63.1142
-63.1084
-63.1026
-63.0969
-63.0913
-63.0857
-63.0802
-63.0747
-63.0693
-63.064
-63.0587
-63.0535
-63.0483
-63.0432
-63.0382
-63.0332
-63.0283
-63.0235
-63.0187
-63.014
-63.0093
-63.0047
-63.0001
-62.9956
-62.9912
-62.9868
-62.9825
-62.9782
-62.974
-62.9699
-62.9658
-62.9618
-62.9578
-62.9539
-62.95
-62.9462
-62.9424
-62.9387
-62.935
-62.9314
-62.9279
-62.9244
-62.9209
-62.9176
-62.9142
-62.9109
-62.9077
-62.9045
-62.9013
-62.8982
-62.8952
-62.8922
-62.8893
-62.8864
-62.8835
-62.8807
-62.8779
-62.8752
-62.8726
-62.8699
-62.8674
-62.8648
-62.8623
-62.8599
-62.8575
-62.8551
-62.8528
-62.8505
-62.8483
-62.8461
-62.8439
-62.8418
-62.8398
-62.8377
-62.8357
-62.8338
-62.8319
-62.83
-62.8281
-62.8263
-62.8246
-62.8229
-62.8212
-62.8195
-62.8179
-62.8163
-62.8148
-62.8132
-62.8118
-62.8103
-62.8089
-62.8075
-62.8062
-62.8049
-62.8036
-62.8023
-62.8011
-62.7999
-62.7988
-62.7976
-62.7965
-62.7955
-62.7944
-62.7934
-62.7924
-62.7915
-62.7906
-62.7897
-62.7888
-62.7879
-62.7871
-62.7863
-62.7856
-62.7849
-62.7841
-62.7835
-62.7828
-62.7822
-62.7816
-62.781
-62.7804
-62.7799
-62.7794
-62.7789
-62.7784
-62.778
-62.7775
-62.7771
-62.7768
-62.7764
-62.7761
-62.7758
-62.7755
-62.7752
-62.775
-62.7747
-62.7745
-62.7743
-62.7742
-62.774
-62.7739
-62.7738
-62.7737
-62.7736
-62.7735
-62.7735
-62.7735
-62.7735
-62.7735
-62.7735
-62.7735
-62.7736
-62.7737
-62.7738
-62.7739
-62.774
-62.7742
-62.7743
-62.7745
-62.7747
-62.7749
-62.7751
-62.7754
-62.7756
-62.7759
-62.7761
-62.7764
-62.7767
-62.7771
-62.7774
-62.7777
-62.7781
-62.7785
-62.7788
-62.7792
-62.7797
-62.7801
-62.7805
-62.781
-62.7814
-62.7819
-62.7824
-62.7828
-62.7834
-62.7839
-62.7844
-62.7849
-62.7855
-62.786
-62.7866
-62.7872
-62.7878
-62.7884
-62.789
-62.7896
-62.7902
-62.7908
-62.7915
-62.7921
-62.7928
-62.7935
-62.7942
-62.7949
-62.7956
-62.7963
-62.797
-62.7977
-62.7984
-62.7992
-62.7999
-62.8007
-62.8014
-62.8022
-62.803
-62.8038
-62.8046
-62.8054
-62.8062
-62.807
-62.8078
-62.8087
-62.8095
-62.8103
-62.8112
-62.812
-62.8129
-62.8138
-62.8146
-62.8155
-62.8164
-62.8173
-62.8182
-62.8191
-62.82
-62.8209
-62.8219
-62.8228
-62.8237
-62.8247
-62.8256
-62.8266
-62.8275
-62.8285
-62.8294
-62.8304
-62.8314
-62.8324
-62.8333
-62.8343
-62.8353
-62.8363
-62.8373
-62.8383
-62.8393
-62.8403
-62.8414
-62.8424
-62.8434
-62.8444
-62.8455
-62.8465
-62.8476
-62.8486
-62.8497
-62.8507
-62.8518
-62.8528
-62.8539
-62.855
-62.856
-62.8571
-62.8582
-62.8593
-62.8603
-62.8614
-62.8625
-62.8636
-62.8647
-62.8658
-62.8669
-62.868
-62.8691
-62.8702
-62.8714
-62.8725
-62.8736
-62.8747
-62.8758
-62.877
-62.8781
-62.8792
-62.8804
-62.8815
-62.8826
-62.8838
-62.8849
-62.8861
-62.8872
-62.8884
-62.8895
-62.8907
-62.8918
-62.893
-62.8941
-62.8953
-62.8965
-62.8976
-62.8988
-62.9
-62.9011
-62.9023
-62.9035
-62.9046
-62.9058
-62.907
-62.9082
-62.9094
-62.9105
-62.9117
-62.9129
-62.9141
-62.9153
-62.9165
-62.9177
-62.9189
-62.9201
-62.9212
-62.9224
-62.9236
-62.9248
-62.926
-62.9272
-62.9284
-62.9296
-62.9308
-62.9321
-62.9333
-62.9345
-62.9357
-62.9369
-62.9381
-62.9393
-62.9405
-62.9417
-62.9429
-62.9442
-62.9454
-62.9466
-62.9478
-62.949
-62.9502
-62.9515
-62.9527
-62.9539
-62.9551
-62.9563
-62.9576
-62.9588
-62.96
-62.9612
-62.9624
-62.9637
-62.9649
-62.9661
-62.9674
-62.9686
-62.9698
-62.971
-62.9723
-62.9735
-62.9747
-62.9759
-62.9772
-62.9784
-62.9796
-62.9809
-62.9821
-62.9833
-62.9846
-62.9858
-62.987
-62.9882
-62.9895
-62.9907
-62.9919
-62.9932
-62.9944
-62.9956
-62.9969
-62.9981
-62.9993
-63.0006
-63.0018
-63.003
-63.0043
-63.0055
-63.0067
-63.008
-63.0092
-63.0104
-63.0117
-63.0129
-63.0141
-63.0154
-63.0166
-63.0178
-63.0191
-63.0203
-63.0215
-63.0228
-63.024
-63.0252
-63.0265
-63.0277
-63.0289
-63.0302
-63.0314
-63.0326
-63.0339
-63.0351
-63.0363
-63.0376
-63.0388
-63.04
-63.0412
-63.0425
-63.0437
-63.0449
-63.0462
-63.0474
-63.0486
-63.0499
-63.0511
-63.0523
-63.0535
-63.0548
-63.056
-63.0572
-63.0584
-63.0597
-63.0609
-63.0621
-63.0634
-63.0646
-63.0658
-63.067
-63.0683
-63.0695
-63.0707
-63.0719
-63.0731
-63.0744
-63.0756
-63.0768
-63.078
-63.0793
-63.0805
-63.0817
-63.0829
-63.0841
-63.0854
-63.0866
-63.0878
-63.089
-63.0902
-63.0914
-63.0927
-63.0939
-63.0951
-63.0963
-63.0975
-63.0987
-63.1
-63.1012
-63.1024
-63.1036
-63.1048
-63.106
-63.1072
-63.1084
-63.1096
-63.1109
-63.1121
-63.1133
-63.1145
-63.1157
-63.1169
-63.1181
-63.1193
-63.1205
-63.1217
-63.1229
-63.1241
-63.1253
-63.1265
-63.1277
-63.1289
-63.1301
-63.1313
-63.1325
-63.1337
-63.1349
-63.1361
-63.1373
-63.1385
-63.1397
-63.1409
-63.1421
-63.1433
-63.1445
-63.1457
-63.1469
-63.1481
-63.1493
-63.1505
-63.1517
-63.1529
-63.154
-63.1552
-63.1564
-63.1576
-63.1588
-63.16
-63.1612
-63.1624
-63.1635
-63.1647
-63.1659
-63.1671
-63.1683
-63.1695
-63.1706
-63.1718
-63.173
-63.1742
-63.1754
-63.1765
-63.1777
-63.1789
-63.1801
-63.1812
-63.1824
-63.1836
-63.1848
-63.1859
-63.1871
-63.1883
-63.1895
-63.1906
-63.1918
-63.193
-63.1941
-63.1953
-63.1965
-63.1976
-63.1988
-63.2
-63.2011
-63.2023
-63.2035
-63.2046
-63.2058
-63.2069
-63.2081
-63.2093
-63.2104
-63.2116
-63.2127
-63.2139
-63.2151
-63.2162
-63.2174
-63.2185
-63.2197
-63.2208
-63.222
-63.2231
-63.2243
-63.2254
-63.2266
-63.2277
-63.2289
-63.23
-63.2312
-63.2323
-63.2335
-63.2346
-63.2358
-63.2369
-63.2381
-63.2392
-63.2403
-63.2415
-63.2426
-63.2438
-63.2449
-63.246
-63.2472
-63.2483
-63.2495
-63.2506
-63.2517
-63.2529
-63.254
-63.2551
-63.2563
-63.2574
-63.2585
-63.2597
-63.2608
-63.2619
-63.2631
-63.2642
-63.2653
-63.2664
-63.2676
-63.2687
-63.2698
-63.2709
-63.2721
-63.2732
-63.2743
-63.2754
-63.2765
-63.2777
-63.2788
-63.2799
-63.281
-63.2821
-63.2833
-63.2844
-63.2855
-63.2866
-63.2877
-63.2888
-63.2899
-63.2911
-63.2922
-63.2933
-63.2944
-63.2955
-63.2966
-63.2977
-63.2988
-63.2999
-63.301
-63.3021
-63.3032
-63.3043
-63.3054
-63.3065
-63.3076
-63.3088
-63.3099
-63.3109
-63.312
-63.3131
-63.3142
-63.3153
-63.3164
-63.3175
-63.3186
-63.3197
-63.3208
-63.3219
-63.323
-63.3241
-63.3252
-63.3263
-63.3274
-63.3284
-63.3295
-63.3306
-63.3317
-63.3328
-63.3339
-63.335
-63.3361
-63.3371
-63.3382
-63.3393
-63.3404
-63.3415
-63.3425
-63.3436
-63.3447
-63.3458
-63.3469
-63.3479
-63.349
-63.3501
-63.3512
-63.3522
-63.3533
-63.3544
-63.3554
-63.3565
-63.3576
-63.3587
-63.3597
-63.3608
-63.3619
-63.3629
-63.364
-63.3651
-63.3661
-63.3672
-63.3682
-63.3693
-63.3704
-63.3714
-63.3725
-63.3736
-63.3746
-63.3757
-63.3767
-63.3778
-63.3788
-63.3799
-63.381
-63.382
-63.3831
-63.3841
-63.3852
-63.3862
-63.3873
-63.3883
-63.3894
-63.3904
-63.3915
-63.3925
-63.3936
-63.3946
-63.3957
-63.3967
-63.3978
-63.3988
-63.3998
-63.4009
-63.4019
-63.403
-63.404
-63.405
-63.4061
-63.4071
-63.4082
-63.4092
-63.4102
-63.4113
-63.4123
-63.4133
-63.4144
-63.4154
-63.4164
-63.4175
-63.4185
-63.4195
-63.4206
-63.4216
-63.4226
-63.4236
-63.4247
-63.4257
-63.4267
-63.4278
-63.4288
-63.4298
-63.4308
-63.4318
-63.4329
-63.4339
-63.4349
-63.4359
-63.437
-63.438
-63.439
-63.44
-63.441
-63.442
-63.4431
-63.4441
-63.4451
-63.4461
-63.4471
-63.4481
-63.4491
-63.4501
-63.4512
-63.4522
-63.4532
-63.4542
-63.4552
-63.4562
-63.4572
-63.4582
-63.4592
-63.4602
-63.4612
-63.4622
-63.4632
-63.4642
-63.4652
-63.4662
-63.4672
-63.4682
-63.4692
-63.4702
-63.4712
-63.4722
-63.4732
-63.4742
-63.4752
-63.4762
-63.4772
-63.4782
-63.4792
-63.4802
-63.4812
-63.4821
-63.4831
-63.4841
-63.4851
-63.4861
-63.4871
-63.4881
-63.4891
-63.49
-63.491
-63.492
-63.493
-63.494
-63.495
-63.4959
-63.4969
-63.4979
-63.4989
-63.4999
-63.5008
-63.5018
-63.5028
-63.5038
-63.5047
-63.5057
-63.5067
-63.5077
-63.5086
-63.5096
-63.5106
-63.5116
-63.5125
-63.5135
-63.5145
-63.5154
-63.5164
-63.5174
-63.5183
-63.5193
-63.5203
-63.5212
-63.5222
-63.5232
-63.5241
-63.5251
-63.526
-63.527
-63.528
-63.5289
-63.5299
-63.5308
-63.5318
-63.5328
-63.5337
-63.5347
-63.5356
-63.5366
-63.5375
-63.5385
-63.5394
-63.5404
-63.5413
-63.5423
-63.5432
-63.5442
-63.5451
-63.5461
-63.547
-63.548
-63.5489
-63.5499
-63.5508
-63.5518
-63.5527
-63.5536
-63.5546
-63.5555
-63.5565
-63.5574
-63.5583
-63.5593
-63.5602
-63.5612
-63.5621
-63.563
-63.564
-63.5649
-63.5658
-63.5668
-63.5677
-63.5686
-63.5696
-63.5705
-63.5714
-63.5724
-63.5733
-63.5742
-63.5751
-63.5761
-63.577
-63.5779
-63.5788
-63.5798
-63.5807
-63.5816
-63.5825
-63.5835
-63.5844
-63.5853
-63.5862
-63.5871
-63.5881
-63.589
-63.5899
-63.5908
-63.5917
-63.5926
-63.5936
-63.5945
-63.5954
-63.5963
-63.5972
-63.5981
-63.599
-63.5999
-63.6008
-63.6018
-63.6027
-63.6036
-63.6045
-63.6054
-63.6063
-63.6072
-63.6081
-63.609
-63.6099
-63.6108
-63.6117
-63.6126
-63.6135
-63.6144
-63.6153
-63.6162
-63.6165
-63.6165
-63.6163
-63.6158
-63.6152
-63.6144
-63.6135
-63.6124
-63.6111
-63.6097
-63.6081
-63.6064
-63.6046
-63.6026
-63.6006
-63.5984
-63.5961
-63.5937
-63.5912
-63.5887
-63.586
-63.5832
-63.5804
-63.5775
-63.5745
-63.5715
-63.5684
-63.5652
-63.562
-63.5587
-63.5554
-63.552
-63.5486
-63.5452
-63.5417
-63.5382
-63.5346
-63.531
-63.5274
-63.5238
-63.5201
-63.5165
-63.5128
-63.5091
-63.5054
-63.5016
-63.4979
-63.4942
-63.4904
-63.4867
-63.4829
-63.4792
-63.4754
-63.4717
-63.468
-63.4642
-63.4605
-63.4568
-63.4531
-63.4494
-63.4457
-63.442
-63.4384
-63.4347
-63.4311
-63.4275
-63.4239
-63.4203
-63.4168
-63.4133
-63.4098
-63.4063
-63.4028
-63.3994
-63.3959
-63.3926
-63.3892
-63.3858
-63.3825
-63.3792
-63.376
-63.3727
-63.3695
-63.3663
-63.3632
-63.3601
-63.357
-63.3539
-63.3509
-63.3478
-63.3449
-63.3419
-63.339
-63.3361
-63.3333
-63.3304
-63.3276
-63.3249
-63.3221
-63.3194
-63.3168
-63.3141
-63.3115
-63.3089
-63.3064
-63.3039
-63.3014
-63.2989
-63.2965
-63.2941
-63.2918
-63.2894
-63.2871
-63.2849
-63.2826
-63.2804
-63.2783
-63.2761
-63.274
-63.2719
-63.2699
-63.2678
-63.2659
-63.2639
-63.262
-63.2601
-63.2582
-63.2563
-63.2545
-63.2527
-63.251
-63.2493
-63.2476
-63.2459
-63.2443
-63.2427
-63.2411
-63.2395
-63.238
-63.2365
-63.235
-63.2336
-63.2321
-63.2308
-63.2294
-63.228
-63.2267
-63.2254
-63.2242
-63.223
-63.2217
-63.2206
-63.2194
-63.2183
-63.2172
-63.2161
-63.215
-63.214
-63.213
-63.212
-63.211
-63.2101
-63.2091
-63.2082
-63.2074
-63.2065
-63.2057
-63.2049
-63.2041
-63.2033
-63.2026
-63.2019
-63.2012
-63.2005
-63.1998
-63.1992
-63.1986
-63.198
-63.1974
-63.1968
-63.1963
-63.1958
-63.1953
-63.1948
-63.1943
-63.1939
-63.1934
-63.193
-63.1926
-63.1923
-63.1919
-63.1916
-63.1913
-63.191
-63.1907
-63.1904
-63.1902
-63.1899
-63.1897
-63.1895
-63.1893
-63.1891
-63.189
-63.1888
-63.1887
-63.1886
-63.1885
-63.1884
-63.1883
-63.1883
-63.1883
-63.1882
-63.1882
-63.1882
-63.1882
-63.1883
-63.1883
-63.1884
-63.1884
-63.1885
-63.1886
-63.1887
-63.1888
-63.189
-63.1891
-63.1893
-63.1894
-63.1896
-63.1898
-63.19
-63.1902
-63.1905
-63.1907
-63.1909
-63.1912
-63.1915
-63.1917
-63.192
-63.1923
-63.1926
-63.193
-63.1933
-63.1936
-63.194
-63.1943
-63.1947
-63.1951
-63.1955
-63.1959
-63.1963
-63.1967
-63.1971
-63.1976
-63.198
-63.1984
-63.1989
-63.1994
-63.1998
-63.2003
-63.2008
-63.2013
-63.2018
-63.2023
-63.2028
-63.2034
-63.2039
-63.2044
-63.205
-63.2056
-63.2061
-63.2067
-63.2073
-63.2078
-63.2084
-63.209
-63.2096
-63.2102
-63.2109
-63.2115
-63.2121
-63.2127
-63.2134
-63.214
-63.2147
-63.2153
-63.216
-63.2167
-63.2174
-63.218
-63.2187
-63.2194
-63.2201
-63.2208
-63.2215
-63.2222
-63.2229
-63.2237
-63.2244
-63.2251
-63.2259
-63.2266
-63.2273
-63.2281
-63.2288
-63.2296
-63.2304
-63.2311
-63.2319
-63.2327
-63.2335
-63.2342
-63.235
-63.2358
-63.2366
-63.2374
-63.2382
-63.239
-63.2398
-63.2406
-63.2415
-63.2423
-63.2431
-63.2439
-63.2448
-63.2456
-63.2464
-63.2473
-63.2481
-63.249
-63.2498
-63.2507
-63.2515
-63.2524
-63.2532
-63.2541
-63.255
-63.2559
-63.2567
-63.2576
-63.2585
-63.2594
-63.2602
-63.2611
-63.262
-63.2629
-63.2638
-63.2647
-63.2656
-63.2665
-63.2674
-63.2683
-63.2692
-63.2701
-63.271
-63.2719
-63.2728
-63.2738
-63.2747
-63.2756
-63.2765
-63.2775
-63.2784
-63.2793
-63.2802
-63.2812
-63.2821
-63.283
-63.284
-63.2849
-63.2858
-63.2868
-63.2877
-63.2887
-63.2896
-63.2906
-63.2915
-63.2925
-63.2934
-63.2944
-63.2953
-63.2963
-63.2972
-63.2982
-63.2992
-63.3001
-63.3011
-63.302
-63.303
-63.304
-63.3049
-63.3059
-63.3069
-63.3079
-63.3088
-63.3098
-63.3108
-63.3117
-63.3127
-63.3137
-63.3147
-63.3156
-63.3166
-63.3176
-63.3186
-63.3196
-63.3205
-63.3215
-63.3225
-63.3235
-63.3245
-63.3255
-63.3264
-63.3274
-63.3284
-63.3294
-63.3304
-63.3314
-63.3324
-63.3334
-63.3344
-63.3353
-63.3363
-63.3373
-63.3383
-63.3393
-63.3403
-63.3413
-63.3423
-63.3433
-63.3443
-63.3453
-63.3463
-63.3473
-63.3483
-63.3493
-63.3503
-63.3513
-63.3523
-63.3533
-63.3543
-63.3553
-63.3563
-63.3573
-63.3583
-63.3593
-63.3603
-63.3613
-63.3623
-63.3633
-63.3643
-63.3653
-63.3663
-63.3673
-63.3683
-63.3693
-63.3703
-63.3713
-63.3723
-63.3733
-63.3743
-63.3753
-63.3763
-63.3773
-63.3783
-63.3793
-63.3803
-63.3813
-63.3823
-63.3833
-63.3843
-63.3853
-63.3863
-63.3873
-63.3883
-63.3893
-63.3903
-63.3913
-63.3923
-63.3933
-63.3943
-63.3953
-63.3963
-63.3973
-63.3983
-63.3993
-63.4003
-63.4013
-63.4023
-63.4033
-63.4043
-63.4053
-63.4063
-63.4073
-63.4083
-63.4093
-63.4103
-63.4113
-63.4123
-63.4133
-63.4143
-63.4153
-63.4163
-63.4173
-63.4183
-63.4193
-63.4203
-63.4213
-63.4223
-63.4233
-63.4243
-63.4253
-63.4263
-63.4273
-63.4283
-63.4293
-63.4303
-63.4313
-63.4323
-63.4333
-63.4343
-63.4353
-63.4363
-63.4372
-63.4382
-63.4392
-63.4402
-63.4412
-63.4422
-63.4432
-63.4442
-63.4452
-63.4462
-63.4472
-63.4481
-63.4491
-63.4501
-63.4511
-63.4521
-63.4531
-63.4541
-63.4551
-63.456
-63.457
-63.458
-63.459
-63.46
-63.461
-63.462
-63.4629
-63.4639
-63.4649
-63.4659
-63.4669
-63.4678
-63.4688
-63.4698
-63.4708
-63.4718
-63.4727
-63.4737
-63.4747
-63.4757
-63.4767
-63.4776
-63.4786
-63.4796
-63.4806
-63.4815
-63.4825
-63.4835
-63.4845
-63.4854
-63.4864
-63.4874
-63.4884
-63.4893
-63.4903
-63.4913
-63.4922
-63.4932
-63.4942
-63.4951
-63.4961
-63.4971
-63.498
-63.499
-63.5
-63.5009
-63.5019
-63.5029
-63.5038
-63.5048
-63.5058
-63.5067
-63.5077
-63.5086
-63.5096
-63.5106
-63.5115
-63.5125
-63.5134
-63.5144
-63.5154
-63.5163
-63.5173
-63.5182
-63.5192
-63.5201
-63.5211
-63.522
-63.523
-63.5239
-63.5249
-63.5258
-63.5268
-63.5277
-63.5287
-63.5296
-63.5306
-63.5315
-63.5325
-63.5334
-63.5344
-63.5353
-63.5363
-63.5372
-63.5382
-63.5391
-63.54
-63.541
-63.5419
-63.5429
-63.5438
-63.5447
-63.5457
-63.5466
-63.5476
-63.5485
-63.5494
-63.5504
-63.5513
-63.5522
-63.5532
-63.5541
-63.555
-63.556
-63.5569
-63.5578
-63.5588
-63.5597
-63.5606
-63.5616
-63.5625
-63.5634
-63.5643
-63.5653
-63.5662
-63.5671
-63.568
-63.569
-63.5699
-63.5708
-63.5717
-63.5727
-63.5736
-63.5745
-63.5754
-63.5763
-63.5773
-63.5782
-63.5791
-63.58
-63.5809
-63.5819
-63.5828
-63.5837
-63.5846
-63.5855
-63.5864
-63.5873
-63.5883
-63.5892
-63.5901
-63.591
-63.5919
-63.5928
-63.5937
-63.5946
-63.5955
-63.5964
-63.5973
-63.5982
-63.5992
-63.6001
-63.601
-63.6019
-63.6028
-63.6037
-63.6046
-63.6055
-63.6064
-63.6073
-63.6082
-63.6091
-63.61
-63.6109
-63.6118
-63.6127
-63.6136
-63.6145
-63.6153
-63.6162
-63.6171
-63.618
-63.6189
-63.6198
-63.6207
-63.6216
-63.6225
-63.6234
-63.6243
-63.6251
-63.626
-63.6269
-63.6278
-63.6287
-63.6296
-63.6305
-63.6313
-63.6322
-63.6331
-63.634
-63.6349
-63.6358
-63.6366
-63.6375
-63.6384
-63.6393
-63.6401
-63.641
-63.6419
-63.6428
-63.6436
-63.6445
-63.6454
-63.6463
-63.6471
-63.648
-63.6489
-63.6498
-63.6506
-63.6515
-63.6524
-63.6532
-63.6541
-63.655
-63.6558
-63.6567
-63.6576
-63.6584
-63.6593
-63.6602
-63.661
-63.6619
-63.6627
-63.6636
-63.6645
-63.6653
-63.6662
-63.667
-63.6679
-63.6688
-63.6696
-63.6705
-63.6713
-63.6722
-63.673
-63.6739
-63.6747
-63.6756
-63.6764
-63.6773
-63.6781
-63.679
-63.6798
-63.6807
-63.6815
-63.6824
-63.6832
-63.6841
-63.6849
-63.6858
-63.6866
-63.6875
-63.6883
-63.6892
-63.69
-63.6908
-63.6917
-63.6925
-63.6934
-63.6942
-63.695
-63.6959
-63.6967
-63.6975
-63.6984
-63.6992
-63.7001
-63.7009
-63.7017
-63.7026
-63.7034
-63.7042
-63.7051
-63.7059
-63.7067
-63.7075
-63.7084
-63.7092
-63.71
-63.7109
-63.7117
-63.7125
-63.7133
-63.7142
-63.715
-63.7158
-63.7166
-63.7175
-63.7183
-63.7191
-63.7199
-63.7207
-63.7216
-63.7224
-63.7232
-63.724
-63.7248
-63.7256
-63.7265
-63.7273
-63.7281
-63.7289
-63.7297
-63.7305
-63.7313
-63.7322
-63.733
-63.7338
-63.7346
-63.7354
-63.7362
-63.737
-63.7378
-63.7386
-63.7394
-63.7402
-63.741
-63.7418
-63.7427
-63.7435
-63.7443
-63.7451
-63.7459
-63.7467
-63.7475
-63.7483
-63.7491
-63.7499
-63.7507
-63.7515
-63.7523
-63.7531
-63.7539
-63.7546
-63.7554
-63.7562
-63.757
-63.7578
-63.7586
-63.7594
-63.7602
-63.761
-63.7618
-63.7626
-63.7634
-63.7642
-63.7649
-63.7657
-63.7665
-63.7673
-63.7681
-63.7689
-63.7697
-63.7704
-63.7712
-63.772
-63.7728
-63.7736
-63.7744
-63.7751
-63.7759
-63.7767
-63.7775
-63.7783
-63.779
-63.7798
-63.7806
-63.7814
-63.7821
-63.7829
-63.7837
-63.7845
-63.7852
-63.786
-63.7868
-63.7876
-63.7883
-63.7891
-63.7899
-63.7906
-63.7914
-63.7922
-63.793
-63.7937
-63.7945
-63.7953
-63.796
-63.7968
-63.7976
-63.7983
-63.7991
-63.7999
-63.8006
-63.8014
-63.8021
-63.8029
-63.8037
-63.8044
-63.8052
-63.8059
-63.8067
-63.8075
-63.8082
-63.809
-63.8097
-63.8105
-63.8112
-63.812
-63.8128
-63.8135
-63.8143
-63.815
-63.8158
-63.8165
-63.8173
-63.818
-63.8188
-63.8195
-63.8203
-63.821
-63.8218
-63.8225
-63.8233
-63.824
-63.8248
-63.8255
-63.8262
-63.827
-63.8277
-63.8285
-63.8292
-63.83
-63.8307
-63.8314
-63.8322
-63.8329
-63.8337
-63.8344
-63.8351
-63.8359
-63.8366
-63.8373
-63.8381
-63.8388
-63.8396
-63.8403
-63.841
-63.8418
-63.8425
-63.8432
-63.844
-63.8447
-63.8454
-63.8461
-63.8469
-63.8476
-63.8483
-63.8491
-63.8498
-63.8505
-63.8512
-63.852
-63.8527
-63.8534
-63.8541
-63.8549
-63.8556
-63.8563
-63.857
-63.8578
-63.8585
-63.8592
-63.8599
-63.8606
-63.8614
-63.8621
-63.8628
-63.8635
-63.8642
-63.865
-63.8657
-63.8664
-63.8671
-63.8678
-63.8685
-63.8693
-63.87
-63.8707
-63.8714
-63.8721
-63.8728
-63.8735
-63.8742
-63.8749
-63.8757
-63.8764
-63.8771
-63.8778
-63.8785
-63.8792
-63.8799
-63.8806
-63.8813
-63.882
-63.8827
-63.8834
-63.8841
-63.8848
-63.8855
-63.8862
-63.8869
-63.8876
-63.8883
-63.8891
-63.8898
-63.8905
-63.8911
-63.8918
-63.8925
-63.8932
-63.8939
-63.8946
-63.8953
-63.896
-63.8967
-63.8974
-63.8981
-63.8988
-63.8995
-63.9002
-63.9009
-63.9016
-63.9023
-63.903
-63.9037
-63.9043
-63.905
-63.9057
-63.9064
-63.9071
-63.9078
-63.9085
-63.9092
-63.9099
-63.9105
-63.9112
-63.9119
-63.9126
-63.9133
-63.914
-63.9146
-63.9153
-63.916
-63.9167
-63.9174
-63.9181
-63.9187
-63.9194
-63.9201
-63.9208
-63.9215
-63.9221
-63.9228
-63.9235
-63.9242
-63.9248
-63.9255
-63.9262
-63.9269
-63.9275
-63.9282
-63.9289
-63.9296
-63.9302
-63.9309
-63.9316
-63.9323
-63.9329
-63.9336
-63.9343
-63.9349
-63.9356
-63.9363
-63.937
-63.9376
-63.9383
-63.939
-63.9396
-63.9403
-63.941
-63.9416
-63.9423
-63.943
-63.9436
-63.9443
-63.9449
-63.9456
-63.9463
-63.9469
-63.9476
-63.9483
-63.9489
-63.9496
-63.9502
-63.9509
-63.9516
-63.9522
-63.9529
-63.9535
-63.9542
-63.9549
-63.9555
-63.9562
-63.9568
-63.9575
-63.9581
-63.9588
-63.9594
-63.9601
-63.9607
-63.9614
-63.9621
-63.9627
-63.9634
-63.964
-63.9647
-63.9653
-63.966
-63.9666
-63.9673
-63.9679
-63.9686
-63.9692
-63.9699
-63.9705
-63.9711
-63.9718
-63.9724
-63.9731
-63.9737
-63.9744
-63.975
-63.9757
-63.9763
-63.977
-63.9776
-63.9782
-63.9789
-63.9795
-63.9802
-63.9808
-63.9814
-63.9821
-63.9827
-63.9834
-63.984
-63.9846
-63.9853
-63.9859
-63.9866
-63.9872
-63.9878
-63.9885
-63.9891
-63.9897
-63.9904
-63.991
-63.9916
-63.9923
-63.9929
-63.9935
-63.9942
-63.9948
-63.9954
-63.9961
-63.9967
-63.9973
-63.9979
-63.9986
-63.9992
-63.9998
-64.0005
-64.0011
-64.0017
-64.0023
-64.003
-64.0036
-64.0042
-64.0049
-64.0055
-64.0061
-64.0067
-64.0073
-64.008
-64.0086
-64.0092
-64.0098
-64.0105
-64.0111
-64.0117
-64.0123
-64.0129
-64.0136
-64.0142
-64.0148
-64.0154
-64.016
-64.0167
-64.0173
-64.0179
-64.0185
-64.0191
-64.0197
-64.0204
-64.021
-64.0216
-64.0222
-64.0228
-64.0234
-64.024
-64.0247
-64.0253
-64.0259
-64.0265
-64.0271
-64.0277
-64.0283
-64.0289
-64.0295
-64.0302
-64.0308
-64.0314
-64.032
-64.0326
-64.0332
-64.0338
-64.0344
-64.035
-64.0356
-64.0362
-64.0368
-64.0374
-64.038
-64.0386
-64.0393
-64.0399
-64.0405
-64.0411
-64.0417
-64.0423
-64.0429
-64.0435
-64.0441
-64.0447
-64.0453
-64.0459
-64.0465
-64.0471
-64.0477
-64.0483
-64.0489
-64.0495
-64.0501
-64.0507
-64.0512
-64.0518
-64.0524
-64.053
-64.0536
-64.0542
-64.0548
-64.0554
-64.056
-64.0566
-64.0572
-64.0578
-64.0584
-64.059
-64.0596
-64.0601
-64.0607
-64.0613
-64.0619
-64.0625
-64.0631
-64.0637
-64.0643
-64.0649
-64.0654
-64.066
-64.0666
-64.0672
-64.0678
-64.0684
-64.069
-64.0695
-64.0701
-64.0707
-64.0713
-64.0719
-64.0725
-64.073
-64.0736
-64.0742
-64.0748
-64.0754
-64.076
-64.0765
-64.0771
-64.0777
-64.0783
-64.0789
-64.0794
-64.08
-64.0806
-64.0812
-64.0817
-64.0823
-64.0829
-64.0835
-64.084
-64.0846
-64.0852
-64.0858
-64.0863
-64.0869
-64.0875
-64.0881
-64.0886
-64.0892
-64.0898
-64.0904
-64.0909
-64.0915
-64.0921
-64.0926
-64.0932
-64.0938
-64.0943
-64.0949
-64.0955
-64.096
-64.0966
-64.0972
-64.0978
-64.0983
-64.0989
-64.0994
-64.1
-64.1006
-64.1011
-64.1017
-64.1023
-64.1028
-64.1034
-64.104
-64.1045
-64.1051
-64.1057
-64.1062
-64.1068
-64.1073
-64.1079
-64.1085
-64.109
-64.1096
-64.1101
-64.1107
-64.1113
-64.1118
-64.1124
-64.1129
-64.1135
-64.114
-64.1146
-64.1152
-64.1157
-64.1163
-64.1168
-64.1174
-64.1179
-64.1185
-64.119
-64.1196
-64.1201
-64.1207
-64.1212
-64.1218
-64.1223
-64.1229
-64.1235
-64.124
-64.1246
-64.1251
-64.1257
-64.1262
-64.1267
-64.1273
-64.1278
-64.1284
-64.1289
-64.1295
-64.13
-64.1306
-64.1311
-64.1317
-64.1322
-64.1328
-64.1333
-64.1339
-64.1344
-64.1349
-64.1355
-64.136
-64.1366
-64.1371
-64.1377
-64.1382
-64.1387
-64.1393
-64.1398
-64.1404
-64.1409
-64.1414
-64.142
-64.1425
-64.1431
-64.1436
-64.1441
-64.1447
-64.1452
-64.1457
-64.1463
-64.1468
-64.1473
-64.1479
-64.1484
-64.149
-64.1495
-64.15
-64.1506
-64.1511
-64.1516
-64.1522
-64.1527
-64.1532
-64.1538
-64.1543
-64.1548
-64.1553
-64.1559
-64.1564
-64.1569
-64.1575
-64.158
-64.1585
-64.159
-64.1596
-64.1601
-64.1606
-64.1612
-64.1617
-64.1622
-64.1627
-64.1633
-64.1638
-64.1643
-64.1648
-64.1654
-64.1659
-64.1664
-64.1669
-64.1674
-64.168
-64.1685
-64.169
-64.1695
-64.17
-64.1706
-64.1711
-64.1716
-64.1721
-64.1726
-64.1732
-64.1737
-64.1742
-64.1747
-64.1752
-64.1757
-64.1763
-64.1768
-64.1773
-64.1778
-64.1783
-64.1788
-64.1793
-64.1799
-64.1804
-64.1809
-64.1814
-64.1819
-64.1824
-64.1829
-64.1834
-64.1839
-64.1845
-64.185
-64.1855
-64.186
-64.1865
-64.187
-64.1875
-64.188
-64.1885
-64.189
-64.1895
-64.19
-64.1905
-64.191
-64.1916
-64.1921
-64.1926
-64.1931
-64.1936
-64.1941
-64.1946
-64.1951
-64.1956
-64.1961
-64.1966
-64.1971
-64.1976
-64.1981
-64.1986
-64.1991
-64.1996
-64.2001
-64.2006
-64.2011
-64.2016
-64.2021
-64.2026
-64.2031
-64.2036
-64.2041
-64.2045
-64.205
-64.2055
-64.206
-64.2065
-64.207
-64.2075
-64.208
-64.2085
-64.209
-64.2095
-64.21
-64.2105
-64.211
-64.2115
-64.2119
-64.2124
-64.2129
-64.2134
-64.2139
-64.2144
-64.2149
-64.2154
-64.2159
-64.2163
-64.2168
-64.2173
-64.2178
-64.2183
-64.2188
-64.2193
-64.2197
-64.2202
-64.2207
-64.2212
-64.2217
-64.2222
-64.2227
-64.2231
-64.2236
-64.2241
-64.2246
-64.2251
-64.2255
-64.226
-64.2265
-64.227
-64.2275
-64.2279
-64.2284
-64.2289
-64.2294
-64.2299
-64.2303
-64.2308
-64.2313
-64.2318
-64.2323
-64.2327
-64.2332
-64.2337
-64.2342
-64.2346
-64.2351
-64.2356
-64.2361
-64.2365
-64.237
-64.2375
-64.238
-64.2384
-64.2389
-64.2394
-64.2398
-64.2403
-64.2408
-64.2413
-64.2417
-64.2422
-64.2427
-64.2431
-64.2436
-64.2441
-64.2445
-64.245
-64.2455
-64.246
-64.2464
-64.2469
-64.2474
-64.2478
-64.2483
-64.2488
-64.2492
-64.2497
-64.2502
-64.2506
-64.2511
-64.2515
-64.252
-64.2525
-64.2529
-64.2534
-64.2539
-64.2543
-64.2548
-64.2553
-64.2557
-64.2562
-64.2566
-64.2571
-64.2576
-64.258
-64.2585
-64.2589
-64.2594
-64.2599
-64.2603
-64.2608
-64.2612
-64.2617
-64.2621
-64.2626
-64.2631
-64.2635
-64.264
-64.2644
-64.2649
-64.2653
-64.2658
-64.2663
-64.2667
-64.2672
-64.2676
-64.2681
-64.2685
-64.269
-64.2694
-64.2699
-64.2703
-64.2708
-64.2712
-64.2717
-64.2721
-64.2726
-64.273
-64.2735
-64.2739
-64.2744
-64.2748
-64.2753
-64.2757
-64.2762
-64.2766
-64.2771
-64.2775
-64.278
-64.2784
-64.2789
-64.2793
-64.2798
-64.2802
-64.2807
-64.2811
-64.2816
-64.282
-64.2824
-64.2829
-64.2833
-64.2838
-64.2842
-64.2847
-64.2851
-64.2856
-64.286
-64.2864
-64.2869
-64.2873
-64.2878
-64.2882
-64.2886
-64.2891
-64.2895
-64.29
-64.2904
-64.2908
-64.2913
-64.2917
-64.2922
-64.2926
-64.293
-64.2935
-64.2939
-64.2944
-64.2948
-64.2952
-64.2957
-64.2961
-64.2965
-64.297
-64.2974
-64.2978
-64.2983
-64.2987
-64.2991
-64.2996
-64.3
-64.3004
-64.3009
-64.3013
-64.3017
-64.3022
-64.3026
-64.303
-64.3035
-64.3039
-64.3043
-64.3048
-64.3052
-64.3056
-64.3061
-64.3065
-64.3069
-64.3073
-64.3078
-64.3082
-64.3086
-64.3091
-64.3095
-64.3099
-64.3103
-64.3108
-64.3112
-64.3116
-64.3121
-64.3125
-64.3129
-64.3133
-64.3138
-64.3142
-64.3146
-64.315
-64.3155
-64.3159
-64.3163
-64.3167
-64.3172
-64.3176
-64.318
-64.3184
-64.3188
-64.3193
-64.3197
-64.3201
-64.3205
-64.3209
-64.3214
-64.3218
-64.3222
-64.3226
-64.323
-64.3235
-64.3239
-64.3243
-64.3247
-64.3251
-64.3256
-64.326
-64.3264
-64.3268
-64.3272
-64.3276
-64.3281
-64.3285
-64.3289
-64.3293
-64.3297
-64.3301
-64.3306
-64.331
-64.3314
-64.3318
-64.3322
-64.3326
-64.333
-64.3335
-64.3339
-64.3343
-64.3347
-64.3351
-64.3355
-64.3359
-64.3363
-64.3367
-64.3372
-64.3376
-64.338
-64.3384
-64.3388
-64.3392
-64.3396
-64.34
-64.3404
-64.3408
-64.3413
-64.3417
-64.3421
-64.3425
-64.3429
-64.3433
-64.3437
-64.3441
-64.3445
-64.3449
-64.3453
-64.3457
-64.3461
-64.3465
-64.3469
-64.3473
-64.3478
-64.3482
-64.3486
-64.349
-64.3494
-64.3498
-64.3502
-64.3506
-64.351
-64.3514
-64.3518
-64.3522
-64.3526
-64.353
-64.3534
-64.3538
-64.3542
-64.3546
-64.355
-64.3554
-64.3558
-64.3562
-64.3566
-64.357
-64.3574
-64.3578
-64.3582
-64.3586
-64.359
-64.3594
-64.3598
-64.3602
-64.3606
-64.361
-64.3613
-64.3617
-64.3621
-64.3625
-64.3629
-64.3633
-64.3637
-64.3641
-64.3645
-64.3649
-64.3653
-64.3657
-64.3661
-64.3665
-64.3669
-64.3673
-64.3676
-64.368
-64.3684
-64.3688
-64.3692
-64.3696
-64.37
-64.3704
-64.3708
-64.3712
-64.3716
-64.3719
-64.3723
-64.3727
-64.3731
-64.3735
-64.3739
-64.3743
-64.3747
-64.375
-64.3754
-64.3758
-64.3762
-64.3766
-64.377
-64.3774
-64.3778
-64.3781
-64.3785
-64.3789
-64.3793
-64.3797
-64.3801
-64.3804
-64.3808
-64.3812
-64.3816
-64.382
-64.3824
-64.3827
-64.3831
-64.3835
-64.3839
-64.3843
-64.3847
-64.385
-64.3854
-64.3858
-64.3862
-64.3866
-64.3869
-64.3873
-64.3877
-64.3881
-64.3885
-64.3888
-64.3892
-64.3896
-64.39
-64.3903
-64.3907
-64.3911
-64.3915
-64.3918
-64.3922
-64.3926
-64.393
-64.3933
-64.3937
-64.3941
-64.3945
-64.3948
-64.3952
-64.3956
-64.396
-64.3963
-64.3967
-64.3971
-64.3975
-64.3978
-64.3982
-64.3986
-64.3989
-64.3993
-64.3997
-64.4
-64.4004
-64.4008
-64.4012
-64.4015
-64.4019
-64.4023
-64.4026
-64.403
-64.4034
-64.4037
-64.4041
-64.4045
-64.4048
-64.4052
-64.4056
-64.4059
-64.4063
-64.4067
-64.407
-64.4074
-64.4078
-64.4081
-64.4085
-64.4088
-64.4092
-64.4096
-64.4099
-64.4103
-64.4107
-64.411
-64.4114
-64.4117
-64.4121
-64.4125
-64.4128
-64.4132
-64.4135
-64.4139
-64.4143
-64.4146
-64.415
-64.4153
-64.4157
-64.4161
-64.4164
-64.4168
-64.4171
-64.4175
-64.4178
-64.4182
-64.4186
-64.4189
-64.4193
-64.4196
-64.42
-64.4203
-64.4207
-64.4211
-64.4214
-64.4218
-64.4221
-64.4225
-64.4228
-64.4232
-64.4235
-64.4239
-64.4242
-64.4246
-64.4249
-64.4253
-64.4256
-64.426
-64.4263
-64.4267
-64.427
-64.4274
-64.4277
-64.4281
-64.4284
-64.4288
-64.4291
-64.4295
-64.4298
-64.4302
-64.4305
-64.4309
-64.4312
-64.4316
-64.4319
-64.4323
-64.4326
-64.433
-64.4333
-64.4337
-64.434
-64.4343
-64.4347
-64.435
-64.4354
-64.4357
-64.4361
-64.4364
-64.4368
-64.4371
-64.4374
-64.4378
-64.4381
-64.4385
-64.4388
-64.4392
-64.4395
-64.4398
-64.4402
-64.4405
-64.4409
-64.4412
-64.4416
-64.4419
-64.4422
-64.4426
-64.4429
-64.4433
-64.4436
-64.4439
-64.4443
-64.4446
-64.4449
-64.4453
-64.4456
-64.446
-64.4463
-64.4466
-64.447
-64.4473
-64.4476
-64.448
-64.4483
-64.4487
-64.449
-64.4493
-64.4497
-64.45
-64.4503
-64.4507
-64.451
-64.4513
-64.4517
-64.452
-64.4523
-64.4527
-64.453
-64.4533
-64.4537
-64.454
-64.4543
-64.4547
-64.455
-64.4553
-64.4557
-64.456
-64.4563
-64.4567
-64.457
-64.4573
-64.4576
-64.458
-64.4583
-64.4586
-64.459
-64.4593
-64.4596
-64.46
-64.4603
-64.4606
-64.4609
-64.4613
-64.4616
-64.4619
-64.4623
-64.4626
-64.4629
-64.4632
-64.4636
-64.4639
-64.4642
-64.4645
-64.4649
-64.4652
-64.4655
-64.4658
-64.4662
-64.4665
-64.4668
-64.4671
-64.4675
-64.4678
-64.4681
-64.4684
-64.4688
-64.4691
-64.4694
-64.4697
-64.47
-64.4704
-64.4707
-64.471
-64.4713
-64.4717
-64.472
-64.4723
-64.4726
-64.4729
-64.4733
-64.4736
-64.4739
-64.4742
-64.4745
-64.4749
-64.4752
-64.4755
-64.4758
-64.4761
-64.4765
-64.4768
-64.4771
-64.4774
-64.4777
-64.478
-64.4784
-64.4787
-64.479
-64.4793
-64.4796
-64.4799
-64.4803
-64.4806
-64.4809
-64.4812
-64.4815
-64.4818
-64.4822
-64.4825
-64.4828
-64.4831
-64.4834
-64.4837
-64.484
-64.4844
-64.4847
-64.485
-64.4853
-64.4856
-64.4859
-64.4862
-64.4865
-64.4869
-64.4872
-64.4875
-64.4878
-64.4881
-64.4884
-64.4887
-64.489
-64.4893
-64.4897
-64.49
-64.4903
-64.4906
-64.4909
-64.4912
-64.4915
-64.4918
-64.4921
-64.4924
-64.4927
-64.493
-64.4934
-64.4937
-64.494
-64.4943
-64.4946
-64.4949
-64.4952
-64.4955
-64.4958
-64.4961
-64.4964
-64.4967
-64.497
-64.4973
-64.4976
-64.4979
-64.4982
-64.4985
-64.4989
-64.4992
-64.4995
-64.4998
-64.5001
-64.5004
-64.5007
-64.501
-64.5013
-64.5016
-64.5019
-64.5022
-64.5025
-64.5028
-64.5031
-64.5034
-64.5037
-64.504
-64.5043
-64.5046
-64.5049
-64.5052
-64.5055
-64.5058
-64.5061
-64.5064
-64.5067
-64.507
-64.5073
-64.5075
-64.5078
-64.5081
-64.5084
-64.5087
-64.509
-64.5093
-64.5096
-64.5099
-64.5102
-64.5105
-64.5108
-64.5111
-64.5114
-64.5117
-64.512
-64.5123
-64.5126
-64.5129
-64.5131
-64.5134
-64.5137
-64.514
-64.5143
-64.5146
-64.5149
-64.5152
-64.5155
-64.5158
-64.5161
-64.5163
-64.5166
-64.5169
-64.5172
-64.5175
-64.5178
-64.5181
-64.5184
-64.5187
-64.519
-64.5192
-64.5195
-64.5198
-64.5201
-64.5204
-64.5207
-64.521
-64.5212
-64.5215
-64.5218
-64.5221
-64.5224
-64.5227
-64.523
-64.5233
-64.5235
-64.5238
-64.5241
-64.5244
-64.5247
-64.525
-64.5252
-64.5255
-64.5258
-64.5261
-64.5264
-64.5267
-64.5269
-64.5272
-64.5275
-64.5278
-64.5281
-64.5284
-64.5286
-64.5289
-64.5292
-64.5295
-64.5298
-64.53
-64.5303
-64.5306
-64.5309
-64.5312
-64.5314
-64.5317
-64.532
-64.5323
-64.5326
-64.5328
-64.5331
-64.5334
-64.5337
-64.5339
-64.5342
-64.5345
-64.5348
-64.5351
-64.5353

