-65
-65
-65
-65
-65
-65
-65
-65
-65
-65
-65
-65
-65
-65
-65
-65
-65
-65
-65
-65
-65
-65
-65
-65
-65
-65
-65
-65
-65
-65
-65
-65
-65
-65
-65
-65
-65
-65
-65
-65
-65
-65
-65
-65
-65
-65
-65
-65
-65
-65
-65
-65
-65
-65
-65
-65
-65
-65
-65
-65
-65
-65
-65
-65
-65
-65
-65
-65
-65
-65
-65
-65
-65
-65
-65
-65
-65
-65
-65
-65
-65
-65
-65
-65
-65
-65
-65
-65
-65
-65
-65
-65
-65
-65
-65
-65
-65
-65
-65
-65
-65
-65
-65
-65
-65
-65
-65
-65
-65
-65
-65
-65
-65
-65
-65
-65
-65
-65
-65
-65
-65
-65
-65
-65
-65
-65
-65
-65
-65
-65
-65
-65
-65
-65
-65
-65
-65
-65
-65
-65
-65
-65
-65
-65
-65
-65
-65
-65
-65
-65
-65
-65
-65
-65
-65
-65
-65
-65
-65
-65
-65
-65
-65
-65
-65
-65
-65
-65
-65
-65
-65
-65
-65
-65
-65
-65
-65
-65
-65
-65
-65
-65
-65
-65
-65
-65
-65
-65
-65
-65
-65
-65
-65
-65
-65
-65
-65
-65
-65
-65
-65
-65
-65
-65
-65
-65
-65
-65
-65
-65
-65
-65
-65
-65
-65
-65
-65
-65
-65
-65
-65
-65
-65
-65
-65
-65
-65
-65
-65
-65
-65
-65
-65
-65
-65
-65
-65
-65
-65
-65
-65
-65
-65
-65
-65
-65
-65
-65
-65
-65
-65
-65
-65
-65
-65
-65
-65
-65
-65
-65
-65
-65
-65
-65
-65
-65
-65
-65
-65
-65
-65
-65
-65
-65
-65
-65
-65
-65
-65
-65
-65
-65
-65
-65
-65
-65
-65
-65
-65
-65
-65
-65
-65
-65
-65
-65
-65
-65
-65
-65
-65
-65
-65
-65
-65
-65
-65
-65
-65
-65
-65
-65
-65
-65
-65
-65
-65
-65
-65
-65
-65
-65
-65
-65
-65
-65
-65
-65
-65
-65
-65
-65
-65
-65
-65
-65
-65
-65
-65
-65
-65
-65
-65
-65
-65
-65
-65
-65
-64.9999
-64.9999
-64.9999
-64.9999
-64.9999
-64.9999
-64.9999
-64.9999
-64.9999
-64.9999
-64.9999
-64.9999
-64.9999
-64.9999
-64.9999
-64.9999
-64.9999
-64.9999
-64.9999
-64.9999
-64.9999
-64.9999
-64.9998
-64.9998
-64.9998
-64.9998
-64.9998
-64.9998
-64.9998
-64.9998
-64.9998
-64.9998
-64.9998
-64.9998
-64.9998
-64.9998
-64.9998
-64.9997
-64.9997
-64.9997
-64.9997
-64.9997
-64.9997
-64.9997
-64.9997
-64.9997
-64.9997
-64.9997
-64.9997
-64.9996
-64.9996
-64.9996
-64.9996
-64.9996
-64.9996
-64.9996
-64.9996
-64.9996
-64.9996
-64.9996
-64.9995
-64.9995
-64.9995
-64.9995
-64.9995
-64.9995
-64.9995
-64.9995
-64.9995
-64.9995
-64.9994
-64.9994
-64.9994
-64.9994
-64.9994
-64.9994
-64.9994
-64.9994
-64.9994
-64.9993
-64.9993
-64.9993
-64.9993
-64.9993
-64.9993
-64.9993
-64.9993
-64.9993
-64.9992
-64.9992
-64.9992
-64.9992
-64.9992
-64.9992
-64.9992
-64.9992
-64.9991
-64.9991
-64.9991
-64.9991
-64.9991
-64.9991
-64.9991
-64.9991
-64.999
-64.999
-64.999
-64.999
-64.999
-64.999
-64.999
-64.9989
-64.9989
-64.9989
-64.9989
-64.9989
-64.9989
-64.9989
-64.9989
-64.9988
-64.9988
-64.9988
-64.9988
-64.9988
-64.9988
-64.9988
-64.9987
-64.9987
-64.9987
-64.9987
-64.9987
-64.9987
-64.9987
-64.9986
-64.9986
-64.9986
-64.9986
-64.9986
-64.9986
-64.9986
-64.9985
-64.9985
-64.9985
-64.9985
-64.9985
-64.9985
-64.9985
-64.9984
-64.9984
-64.9984
-64.9984
-64.9984
-64.9984
-64.9984
-64.9983
-64.9983
-64.9983
-64.9983
-64.9983
-64.9983
-64.9983
-64.9982
-64.9982
-64.9982
-64.9982
-64.9982
-64.9982
-64.9982
-64.9981
-64.9981
-64.9981
-64.9981
-64.9981
-64.9981
-64.998
-64.998
-64.998
-64.998
-64.998
-64.998
-64.998
-64.9979
-64.9979
-64.9979
-64.9979
-64.9979
-64.9979
-64.9979
-64.9978
-64.9978
-64.9978
-64.9978
-64.9978
-64.9978
-64.9977
-64.9977
-64.9977
-64.9977
-64.9977
-64.9977
-64.9977
-64.9976
-64.9976
-64.9976
-64.9976
-64.9976
-64.9976
-64.9976
-64.9975
-64.9975
-64.9975
-64.9975
-64.9975
-64.9975
-64.9974
-64.9974
-64.9974
-64.9974
-64.9974
-64.9974
-64.9974
-64.9973
-64.9973
-64.9973
-64.9973
-64.9973
-64.9973
-64.9973
-64.9972
-64.9972
-64.9972
-64.9972
-64.9972
-64.9972
-64.9971
-64.9971
-64.9971
-64.9971
-64.9971
-64.9971
-64.9971
-64.997
-64.997
-64.997
-64.997
-64.997
-64.997
-64.997
-64.9969
-64.9969
-64.9969
-64.9969
-64.9969
-64.9969
-64.9968
-64.9968
-64.9968
-64.9968
-64.9968
-64.9968
-64.9968
-64.9967
-64.9967
-64.9967
-64.9967
-64.9967
-64.9967
-64.9967
-64.9966
-64.9966
-64.9966
-64.9966
-64.9966
-64.9966
-64.9966
-64.9965
-64.9965
-64.9965
-64.9965
-64.9965
-64.9965
-64.9965
-64.9964
-64.9964
-64.9964
-64.9964
-64.9964
-64.9964
-64.9964
-64.9963
-64.9963
-64.9963
-64.9963
-64.9963
-64.9963
-64.9962
-64.9962
-64.9962
-64.9962
-64.9962
-64.9962
-64.9962
-64.9961
-64.9961
-64.9961
-64.9961
-64.9961
-64.9961
-64.9961
-64.9961
-64.996
-64.996
-64.996
-64.996
-64.996
-64.996
-64.996
-64.9959
-64.9959
-64.9959
-64.9959
-64.9959
-64.9959
-64.9959
-64.9958
-64.9958
-64.9958
-64.9958
-64.9958
-64.9958
-64.9958
-64.9957
-64.9957
-64.9957
-64.9957
-64.9957
-64.9957
-64.9957
-64.9956
-64.9956
-64.9956
-64.9956
-64.9956
-64.9956
-64.9956
-64.9956
-64.9955
-64.9955
-64.9955
-64.9955
-64.9955
-64.9955
-64.9955
-64.9954
-64.9954
-64.9954
-64.9954
-64.9954
-64.9954
-64.9954
-64.9954
-64.9953
-64.9953
-64.9953
-64.9953
-64.9953
-64.9953
-64.9953
-64.9952
-64.9952
-64.9952
-64.9952
-64.9952
-64.9952
-64.9952
-64.9952
-64.9951
-64.9951
-64.9951
-64.9951
-64.9951
-64.9951
-64.9951
-64.995
-64.995
-64.995
-64.995
-64.995
-64.995
-64.995
-64.995
-64.9949
-64.9949
-64.9949
-64.9949
-64.9949
-64.9949
-64.9949
-64.9949
-64.9948
-64.9948
-64.9948
-64.9948
-64.9948
-64.9948
-64.9948
-64.9948
-64.9947
-64.9947
-64.9947
-64.9947
-64.9947
-64.9947
-64.9947
-64.9947
-64.9946
-64.9946
-64.9946
-64.9946
-64.9946
-64.9946
-64.9946
-64.9946
-64.9945
-64.9945
-64.9945
-64.9945
-64.9945
-64.9945
-64.9945
-64.9945
-64.9945
-64.9944
-64.9944
-64.9944
-64.9944
-64.9944
-64.9944
-64.9944
-64.9944
-64.9943
-64.9943
-64.9943
-64.9943
-64.9943
-64.9943
-64.9943
-64.9943
-64.9942
-64.9942
-64.9942
-64.9942
-64.9942
-64.9942
-64.9942
-64.9942
-64.9942
-64.9941
-64.9941
-64.9941
-64.9941
-64.9941
-64.9941
-64.9941
-64.9941
-64.9941
-64.994
-64.994
-64.994
-64.994
-64.994
-64.994
-64.994
-64.994
-64.994
-64.9939
-64.9939
-64.9939
-64.9939
-64.9939
-64.9939
-64.9939
-64.9939
-64.9939
-64.9938
-64.9938
-64.9938
-64.9938
-64.9938
-64.9938
-64.9938
-64.9938
-64.9938
-64.9937
-64.9937
-64.9937
-64.9937
-64.9937
-64.9937
-64.9937
-64.9937
-64.9937
-64.9936
-64.9936
-64.9936
-64.9936
-64.9936
-64.9936
-64.9936
-64.9936
-64.9936
-64.9935
-64.9935
-64.9935
-64.9935
-64.9935
-64.9935
-64.9935
-64.9935
-64.9935
-64.9935
-64.9934
-64.9934
-64.9934
-64.9934
-64.9934
-64.9934
-64.9934
-64.9934
-64.9934
-64.9933
-64.9933
-64.9933
-64.9933
-64.9933
-64.9933
-64.9933
-64.9933
-64.9933
-64.9933
-64.9932
-64.9932
-64.9932
-64.9932
-64.9932
-64.9932
-64.9932
-64.9932
-64.9932
-64.9932
-64.9931
-64.9931
-64.9931
-64.9931
-64.9931
-64.9931
-64.9931
-64.9931
-64.9931
-64.9931
-64.993
-64.993
-64.993
-64.993
-64.993
-64.993
-64.993
-64.993
-64.993
-64.993
-64.9929
-64.9929
-64.9929
-64.9929
-64.9929
-64.9929
-64.9929
-64.9929
-64.9929
-64.9929
-64.9929
-64.9928
-64.9928
-64.9928
-64.9928
-64.9928
-64.9928
-64.9928
-64.9928
-64.9928
-64.9928
-64.9927
-64.9927
-64.9927
-64.9927
-64.9927
-64.9927
-64.9927
-64.9927
-64.9927
-64.9927
-64.9927
-64.9926
-64.9926
-64.9926
-64.9926
-64.9926
-64.9926
-64.9926
-64.9926
-64.9926
-64.9926
-64.9926
-64.9925
-64.9925
-64.9925
-64.9925
-64.9925
-64.9925
-64.9925
-64.9925
-64.9925
-64.9925
-64.9925
-64.9925
-64.9924
-64.9924
-64.9924
-64.9924
-64.9924
-64.9924
-64.9924
-64.9924
-64.9924
-64.9924
-64.9924
-64.9923
-64.9923
-64.9923
-64.9923
-64.9923
-64.9923
-64.9923
-64.9923
-64.9923
-64.9923
-64.9923
-64.9923
-64.9922
-64.9915
-64.9903
-64.9884
-64.9861
-64.9832
-64.9798
-64.976
-64.9717
-64.9669
-64.9618
-64.9562
-64.9503
-64.944
-64.9374
-64.9304
-64.9231
-64.9155
-64.9076
-64.8995
-64.891
-64.8823
-64.8734
-64.8643
-64.8549
-64.8453
-64.8356
-64.8256
-64.8155
-64.8053
-64.7948
-64.7843
-64.7736
-64.7627
-64.7518
-64.7407
-64.7296
-64.7183
-64.707
-64.6956
-64.6841
-64.6725
-64.6609
-64.6493
-64.6376
-64.6258
-64.614
-64.6022
-64.5904
-64.5785
-64.5667
-64.5548
-64.5429
-64.531
-64.5191
-64.5073
-64.4954
-64.4835
-64.4717
-64.4599
-64.4481
-64.4363
-64.4246
-64.4129
-64.4013
-64.3896
-64.3781
-64.3665
-64.355
-64.3436
-64.3322
-64.3209
-64.3096
-64.2984
-64.2872
-64.2761
-64.265
-64.2541
-64.2432
-64.2323
-64.2215
-64.2108
-64.2002
-64.1896
-64.1791
-64.1687
-64.1583
-64.148
-64.1378
-64.1277
-64.1176
-64.1077
-64.0978
-64.0879
-64.0782
-64.0685
-64.059
-64.0495
-64.0401
-64.0307
-64.0215
-64.0123
-64.0032
-63.9942
-63.9852
-63.9764
-63.9676
-63.959
-63.9504
-63.9418
-63.9334
-63.925
-63.9168
-63.9086
-63.9005
-63.8924
-63.8845
-63.8766
-63.8688
-63.8611
-63.8535
-63.846
-63.8385
-63.8311
-63.8238
-63.8166
-63.8095
-63.8024
-63.7954
-63.7885
-63.7817
-63.7749
-63.7682
-63.7616
-63.7551
-63.7486
-63.7422
-63.7359
-63.7297
-63.7236
-63.7175
-63.7115
-63.7055
-63.6996
-63.6938
-63.6881
-63.6825
-63.6769
-63.6713
-63.6659
-63.6605
-63.6552
-63.65
-63.6448
-63.6397
-63.6346
-63.6296
-63.6247
-63.6198
-63.615
-63.6103
-63.6057
-63.601
-63.5965
-63.592
-63.5876
-63.5832
-63.5789
-63.5747
-63.5705
-63.5664
-63.5623
-63.5583
-63.5543
-63.5504
-63.5466
-63.5428
-63.539
-63.5353
-63.5317
-63.5281
-63.5246
-63.5211
-63.5177
-63.5143
-63.511
-63.5077
-63.5045
-63.5013
-63.4982
-63.4951
-63.4921
-63.4891
-63.4861
-63.4832
-63.4804
-63.4776
-63.4748
-63.4721
-63.4694
-63.4668
-63.4642
-63.4617
-63.4592
-63.4567
-63.4543
-63.4519
-63.4496
-63.4473
-63.445
-63.4428
-63.4406
-63.4385
-63.4363
-63.4343
-63.4322
-63.4302
-63.4283
-63.4264
-63.4245
-63.4226
-63.4208
-63.419
-63.4172
-63.4155
-63.4138
-63.4122
-63.4105
-63.409
-63.4074
-63.4059
-63.4044
-63.4029
-63.4015
-63.4
-63.3987
-63.3973
-63.396
-63.3947
-63.3934
-63.3922
-63.391
-63.3898
-63.3887
-63.3875
-63.3864
-63.3853
-63.3843
-63.3833
-63.3823
-63.3813
-63.3803
-63.3794
-63.3785
-63.3776
-63.3768
-63.3759
-63.3751
-63.3743
-63.3736
-63.3728
-63.3721
-63.3714
-63.3707
-63.3694
-63.3675
-63.3651
-63.3622
-63.3588
-63.355
-63.3507
-63.346
-63.3409
-63.3354
-63.3296
-63.3234
-63.3168
-63.3099
-63.3027
-63.2953
-63.2875
-63.2795
-63.2712
-63.2627
-63.2539
-63.245
-63.2358
-63.2265
-63.2169
-63.2072
-63.1973
-63.1873
-63.1771
-63.1668
-63.1564
-63.1459
-63.1352
-63.1244
-63.1136
-63.1027
-63.0917
-63.0806
-63.0694
-63.0582
-63.047
-63.0357
-63.0244
-63.013
-63.0016
-62.9902
-62.9788
-62.9673
-62.9559
-62.9444
-62.933
-62.9215
-62.9101
-62.8987
-62.8873
-62.8759
-62.8645
-62.8532
-62.8419
-62.8306
-62.8194
-62.8082
-62.7971
-62.7859
-62.7749
-62.7639
-62.7529
-62.742
-62.7312
-62.7204
-62.7097
-62.699
-62.6884
-62.6779
-62.6674
-62.657
-62.6467
-62.6364
-62.6262
-62.6161
-62.6061
-62.5961
-62.5862
-62.5764
-62.5667
-62.557
-62.5475
-62.538
-62.5286
-62.5192
-62.51
-62.5008
-62.4917
-62.4827
-62.4738
-62.465
-62.4562
-62.4476
-62.439
-62.4305
-62.4221
-62.4138
-62.4055
-62.3974
-62.3893
-62.3813
-62.3734
-62.3656
-62.3579
-62.3503
-62.3427
-62.3352
-62.3279
-62.3206
-62.3133
-62.3062
-62.2992
-62.2922
-62.2853
-62.2785
-62.2718
-62.2651
-62.2586
-62.2521
-62.2457
-62.2394
-62.2332
-62.227
-62.221
-62.215
-62.2091
-62.2032
-62.1975
-62.1918
-62.1862
-62.1807
-62.1752
-62.1698
-62.1645
-62.1593
-62.1541
-62.1491
-62.1441
-62.1391
-62.1343
-62.1295
-62.1247
-62.1201
-62.1155
-62.111
-62.1066
-62.1022
-62.0979
-62.0936
-62.0895
-62.0854
-62.0813
-62.0773
-62.0734
-62.0696
-62.0658
-62.0621
-62.0584
-62.0548
-62.0513
-62.0478
-62.0444
-62.041
-62.0377
-62.0345
-62.0313
-62.0281
-62.0251
-62.0221
-62.0191
-62.0162
-62.0133
-62.0105
-62.0078
-62.0051
-62.0025
-61.9999
-61.9974
-61.9949
-61.9925
-61.9901
-61.9877
-61.9855
-61.9832
-61.981
-61.9789
-61.9768
-61.9748
-61.9728
-61.9708
-61.9689
-61.967
-61.9652
-61.9634
-61.9617
-61.96
-61.9584
-61.9568
-61.9552
-61.9537
-61.9522
-61.9508
-61.9494
-61.948
-61.9467
-61.9454
-61.9441
-61.9429
-61.9418
-61.9406
-61.9395
-61.9385
-61.9374
-61.9364
-61.9355
-61.9346
-61.933
-61.9309
-61.9284
-61.9253
-61.9218
-61.9179
-61.9136
-61.9088
-61.9037
-61.8982
-61.8923
-61.8862
-61.8797
-61.8729
-61.8658
-61.8584
-61.8508
-61.8429
-61.8348
-61.8265
-61.8179
-61.8092
-61.8002
-61.7911
-61.7818
-61.7724
-61.7628
-61.7531
-61.7432
-61.7333
-61.7232
-61.713
-61.7027
-61.6923
-61.6819
-61.6713
-61.6607
-61.6501
-61.6394
-61.6286
-61.6178
-61.607
-61.5961
-61.5852
-61.5743
-61.5634
-61.5525
-61.5416
-61.5306
-61.5197
-61.5088
-61.4979
-61.487
-61.4762
-61.4653
-61.4545
-61.4438
-61.433
-61.4223
-61.4116
-61.401
-61.3904
-61.3799
-61.3694
-61.359
-61.3486
-61.3383
-61.3281
-61.3179
-61.3077
-61.2977
-61.2877
-61.2778
-61.2679
-61.2581
-61.2484
-61.2387
-61.2292
-61.2197
-61.2103
-61.2009
-61.1917
-61.1825
-61.1734
-61.1644
-61.1554
-61.1466
-61.1378
-61.1291
-61.1205
-61.112
-61.1036
-61.0953
-61.087
-61.0788
-61.0707
-61.0627
-61.0548
-61.047
-61.0393
-61.0316
-61.0241
-61.0166
-61.0092
-61.0019
-60.9947
-60.9875
-60.9805
-60.9736
-60.9667
-60.9599
-60.9532
-60.9466
-60.9401
-60.9337
-60.9273
-60.921
-60.9149
-60.9088
-60.9027
-60.8968
-60.891
-60.8852
-60.8795
-60.8739
-60.8684
-60.863
-60.8576
-60.8524
-60.8472
-60.8421
-60.837
-60.8321
-60.8272
-60.8224
-60.8177
-60.813
-60.8084
-60.804
-60.7995
-60.7952
-60.7909
-60.7867
-60.7826
-60.7785
-60.7746
-60.7706
-60.7668
-60.763
-60.7593
-60.7557
-60.7521
-60.7487
-60.7452
-60.7419
-60.7386
-60.7353
-60.7322
-60.7291
-60.7261
-60.7231
-60.7202
-60.7173
-60.7145
-60.7118
-60.7092
-60.7066
-60.704
-60.7015
-60.6991
-60.6967
-60.6944
-60.6922
-60.69
-60.6878
-60.6858
-60.6837
-60.6818
-60.6798
-60.678
-60.6761
-60.6744
-60.6727
-60.671
-60.6694
-60.6678
-60.6663
-60.6649
-60.6634
-60.6621
-60.6608
-60.6595
-60.6583
-60.6571
-60.6559
-60.6549
-60.6538
-60.6528
-60.6519
-60.6509
-60.6501
-60.6492
-60.6484
-60.6477
-60.647
-60.6463
-60.6457
-60.6451
-60.6446
-60.6441
-60.6436
-60.6432
-60.6428
-60.6424
-60.6421
-60.6418
-60.6416
-60.6413
-60.6412
-60.641
-60.6409
-60.6408
-60.6408
-60.6408
-60.6408
-60.6409
-60.641
-60.6411
-60.6412
-60.6414
-60.6416
-60.6419
-60.6421
-60.6424
-60.6428
-60.6431
-60.6435
-60.6439
-60.6444
-60.6448
-60.6453
-60.6458
-60.6464
-60.647
-60.6476
-60.6482
-60.6488
-60.6495
-60.6502
-60.6509
-60.6517
-60.6525
-60.6533
-60.6541
-60.6549
-60.6558
-60.6567
-60.6576
-60.6585
-60.6595
-60.6604
-60.6614
-60.6624
-60.6635
-60.6645
-60.6656
-60.6667
-60.6678
-60.6689
-60.6701
-60.6713
-60.6724
-60.6737
-60.6749
-60.6761
-60.6774
-60.6787
-60.6799
-60.6813
-60.6826
-60.6839
-60.6853
-60.6867
-60.688
-60.6895
-60.6909
-60.6923
-60.6938
-60.6952
-60.6967
-60.6982
-60.6997
-60.7012
-60.7028
-60.7043
-60.7059
-60.7075
-60.7091
-60.7107
-60.7123
-60.7139
-60.7156
-60.7172
-60.7189
-60.7206
-60.7222
-60.7239
-60.7257
-60.7274
-60.7291
-60.7309
-60.7326
-60.7344
-60.7362
-60.7379
-60.7397
-60.7416
-60.7434
-60.7452
-60.747
-60.7489
-60.7507
-60.7526
-60.7545
-60.7564
-60.7583
-60.7602
-60.7621
-60.764
-60.7659
-60.7679
-60.7698
-60.7717
-60.7737
-60.7757
-60.7776
-60.7796
-60.7816
-60.7836
-60.7856
-60.7876
-60.7896
-60.7917
-60.7937
-60.7957
-60.7978
-60.7998
-60.8019
-60.804
-60.806
-60.8081
-60.8102
-60.8123
-60.8144
-60.8165
-60.8186
-60.8207
-60.8228
-60.8249
-60.8271
-60.8292
-60.8313
-60.8335
-60.8356
-60.8378
-60.8399
-60.8421
-60.8443
-60.8464
-60.8486
-60.8508
-60.853
-60.8552
-60.8574
-60.8596
-60.8618
-60.864
-60.8662
-60.8684
-60.8706
-60.8728
-60.8751
-60.8773
-60.8795
-60.8818
-60.884
-60.8862
-60.8885
-60.8907
-60.893
-60.8952
-60.8975
-60.8998
-60.902
-60.9043
-60.9066
-60.9088
-60.9111
-60.9134
-60.9157
-60.918
-60.9202
-60.9225
-60.9248
-60.9271
-60.9294
-60.9317
-60.934
-60.9363
-60.9386
-60.9409
-60.9432
-60.9455
-60.9478
-60.9502
-60.9525
-60.9548
-60.9571
-60.9594
-60.9618
-60.9641
-60.9664
-60.9687
-60.9711
-60.9734
-60.9757
-60.9781
-60.9804
-60.9827
-60.9851
-60.9874
-60.9898
-60.9921
-60.9944
-60.9968
-60.9991
-61.0015
-61.0038
-61.0062
-61.0085
-61.0109
-61.0132
-61.0156
-61.0179
-61.0203
-61.0226
-61.025
-61.0274
-61.0297
-61.0321
-61.0344
-61.0368
-61.0392
-61.0415
-61.0439
-61.0462
-61.0486
-61.051
-61.0533
-61.0557
-61.0581
-61.0604
-61.0628
-61.0651
-61.0675
-61.0699
-61.0722
-61.0746
-61.077
-61.0793
-61.0817
-61.0841
-61.0864
-61.0888
-61.0912
-61.0935
-61.0959
-61.0983
-61.1006
-61.103
-61.1054
-61.1078
-61.1101
-61.1125
-61.1149
-61.1172
-61.1196
-61.122
-61.1243
-61.1267
-61.1291
-61.1314
-61.1338
-61.1362
-61.1385
-61.1409
-61.1432
-61.1456
-61.148
-61.1503
-61.1527
-61.1551
-61.1574
-61.1598
-61.1622
-61.1645
-61.1669
-61.1692
-61.1716
-61.174
-61.1763
-61.1787
-61.181
-61.1834
-61.1858
-61.1881
-61.1905
-61.1928
-61.1952
-61.1975
-61.1999
-61.2022
-61.2046
-61.2069
-61.2093
-61.2117
-61.214
-61.2164
-61.2187
-61.221
-61.2234
-61.2257
-61.2281
-61.2304
-61.2328
-61.2351
-61.2375
-61.2398
-61.2422
-61.2445
-61.2468
-61.2492
-61.2515
-61.2538
-61.2562
-61.2585
-61.2609
-61.2632
-61.2655
-61.2679
-61.2702
-61.2725
-61.2749
-61.2772
-61.2795
-61.2818
-61.2842
-61.2865
-61.2888
-61.2911
-61.2935
-61.2958
-61.2981
-61.3004
-61.3027
-61.3051
-61.3074
-61.3097
-61.312
-61.3143
-61.3166
-61.319
-61.3213
-61.3236
-61.3259
-61.3282
-61.3305
-61.3328
-61.3351
-61.3374
-61.3397
-61.342
-61.3443
-61.3466
-61.3489
-61.3512
-61.3535
-61.3558
-61.3581
-61.3604
-61.3627
-61.365
-61.3673
-61.3696
-61.3719
-61.3741
-61.3764
-61.3787
-61.381
-61.3833
-61.3856
-61.3878
-61.3901
-61.3924
-61.3947
-61.397
-61.3992
-61.4015
-61.4038
-61.406
-61.4083
-61.4106
-61.4129
-61.4151
-61.4174
-61.4197
-61.4219
-61.4242
-61.4264
-61.4287
-61.431
-61.4332
-61.4355
-61.4377
-61.44
-61.4422
-61.4445
-61.4467
-61.449
-61.4512
-61.4535
-61.4557
-61.458
-61.4602
-61.4625
-61.4647
-61.4669
-61.4692
-61.4714
-61.4736
-61.4759
-61.4781
-61.4803
-61.4826
-61.4848
-61.487
-61.4893
-61.4915
-61.4937
-61.4959
-61.4982
-61.5004
-61.5026
-61.5048
-61.507
-61.5093
-61.5115
-61.5137
-61.5159
-61.5181
-61.5203
-61.5225
-61.5247
-61.5269
-61.5291
-61.5313
-61.5335
-61.5357
-61.5379
-61.5401
-61.5423
-61.5445
-61.5467
-61.5489
-61.5511
-61.5533
-61.5555
-61.5577
-61.5599
-61.5621
-61.5642
-61.5664
-61.5686
-61.5708
-61.573
-61.5751
-61.5773
-61.5795
-61.5817
-61.5838
-61.586
-61.5882
-61.5904
-61.5925
-61.5947
-61.5969
-61.599
-61.6012
-61.6034
-61.6055
-61.6077
-61.6098
-61.612
-61.6141
-61.6163
-61.6184
-61.6206
-61.6227
-61.6249
-61.627
-61.6292
-61.6313
-61.6335
-61.6356
-61.6378
-61.6399
-61.642
-61.6442
-61.6463
-61.6484
-61.6506
-61.6527
-61.6548
-61.657
-61.6591
-61.6612
-61.6634
-61.6655
-61.6676
-61.6697
-61.6718
-61.674
-61.6761
-61.6782
-61.6803
-61.6824
-61.6845
-61.6867
-61.6888
-61.6909
-61.693
-61.6951
-61.6972
-61.6993
-61.7014
-61.7035
-61.7056
-61.7077
-61.7098
-61.7119
-61.714
-61.7161
-61.7182
-61.7203
-61.7224
-61.7244
-61.7265
-61.7286
-61.7307
-61.7328
-61.7349
-61.7369
-61.739
-61.7411
-61.7432
-61.7453
-61.7473
-61.7494
-61.7515
-61.7535
-61.7556
-61.7577
-61.7597
-61.7618
-61.7639
-61.7659
-61.768
-61.7701
-61.7721
-61.7742
-61.7762
-61.7783
-61.7803
-61.7824
-61.7844
-61.7865
-61.7885
-61.7906
-61.7926
-61.7947
-61.7967
-61.7988
-61.8008
-61.8028
-61.8049
-61.8069
-61.809
-61.811
-61.813
-61.8151
-61.8171
-61.8191
-61.8212
-61.8232
-61.8252
-61.8272
-61.8293
-61.8313
-61.8333
-61.8353
-61.8373
-61.8393
-61.8414
-61.8434
-61.8454
-61.8474
-61.8494
-61.8514
-61.8534
-61.8554
-61.8574
-61.8594
-61.8615
-61.8635
-61.8655
-61.8675
-61.8695
-61.8714
-61.8734
-61.8754
-61.8774
-61.8794
-61.8814
-61.8834
-61.8854
-61.8874
-61.8894
-61.8913
-61.8933
-61.8953
-61.8973
-61.8993
-61.9013
-61.9032
-61.9052
-61.9072
-61.9092
-61.9111
-61.9131
-61.9151
-61.917
-61.919
-61.921
-61.9229
-61.9249
-61.9269
-61.9288
-61.9308
-61.9327
-61.9347
-61.9366
-61.9386
-61.9406
-61.9425
-61.9445
-61.9464
-61.9484
-61.9503
-61.9522
-61.9542
-61.9561
-61.9581
-61.96
-61.962
-61.9639
-61.9658
-61.9678
-61.9697
-61.9716
-61.9736
-61.9755
-61.9774
-61.9794
-61.9813
-61.9832
-61.9851
-61.9871
-61.989
-61.9909
-61.9928
-61.9947
-61.9967
-61.9986
-62.0005
-62.0024
-62.0043
-62.0062
-62.0081
-62.0101
-62.012
-62.0139
-62.0158
-62.0177
-62.0196
-62.0215
-62.0234
-62.0253
-62.0272
-62.0291
-62.031
-62.0329
-62.0348
-62.0367
-62.0385
-62.0404
-62.0423
-62.0442
-62.0461
-62.048
-62.0499
-62.0518
-62.0536
-62.0555
-62.0574
-62.0593
-62.0611
-62.063
-62.0649
-62.0668
-62.0686
-62.0705
-62.0724
-62.0743
-62.0761
-62.078
-62.0799
-62.0817
-62.0836
-62.0854
-62.0873
-62.0892
-62.091
-62.0929
-62.0947
-62.0966
-62.0984
-62.1003
-62.1021
-62.104
-62.1058
-62.1077
-62.1095
-62.1114
-62.1132
-62.1151
-62.1169
-62.1187
-62.1206
-62.1224
-62.1243
-62.1261
-62.1279
-62.1298
-62.1316
-62.1334
-62.1353
-62.1371
-62.1389
-62.1407
-62.1426
-62.1444
-62.1462
-62.148
-62.1498
-62.1517
-62.1535
-62.1553
-62.1571
-62.1589
-62.1607
-62.1626
-62.1644
-62.1662
-62.168
-62.1698
-62.1716
-62.1734
-62.1752
-62.177
-62.1788
-62.1806
-62.1824
-62.1842
-62.186
-62.1878
-62.1896
-62.1914
-62.1932
-62.195
-62.1968
-62.1986
-62.2003
-62.2021
-62.2039
-62.2057
-62.2075
-62.2093
-62.2111
-62.2128
-62.2146
-62.2164
-62.2182
-62.2199
-62.2217
-62.2235
-62.2253
-62.227
-62.2288
-62.2306
-62.2323
-62.2341
-62.2359
-62.2376
-62.2394
-62.2412
-62.2429
-62.2447
-62.2464
-62.2482
-62.25
-62.2517
-62.2535
-62.2552
-62.257
-62.2587
-62.2605
-62.2622
-62.264
-62.2657
-62.2675
-62.2692
-62.271
-62.2727
-62.2744
-62.2762
-62.2779
-62.2797
-62.2814
-62.2831
-62.2849
-62.2866
-62.2883
-62.2901
-62.2918
-62.2935
-62.2952
-62.297
-62.2987
-62.3004
-62.3021
-62.3039
-62.3056
-62.3073
-62.309
-62.3107
-62.3125
-62.3142
-62.3159
-62.3176
-62.3193
-62.321
-62.3227
-62.3244
-62.3262
-62.3279
-62.3296
-62.3313
-62.333
-62.3347
-62.3364
-62.3381
-62.3398
-62.3415
-62.3432
-62.3449
-62.3466
-62.3483
-62.35
-62.3516
-62.3533
-62.355
-62.3567
-62.3584
-62.3601
-62.3618
-62.3635
-62.3651
-62.3668
-62.3685
-62.3702
-62.3719
-62.3735
-62.3752
-62.3769
-62.3786
-62.3802
-62.3819
-62.3836
-62.3853
-62.3869
-62.3886
-62.3903
-62.3919
-62.3936
-62.3953
-62.3969
-62.3986
-62.4002
-62.4019
-62.4036
-62.4052
-62.4069
-62.4085
-62.4102
-62.4118
-62.4135
-62.4151
-62.4168
-62.4184
-62.4201
-62.4217
-62.4234
-62.425
-62.4267
-62.4283
-62.4299
-62.4316
-62.4332
-62.4349
-62.4365
-62.4381
-62.4398
-62.4414
-62.443
-62.4447
-62.4463
-62.4479
-62.4496
-62.4512
-62.4528
-62.4545
-62.4561
-62.4577
-62.4593
-62.4609
-62.4626
-62.4642
-62.4658
-62.4674
-62.469
-62.4707
-62.4723
-62.4739
-62.4755
-62.4771
-62.4787
-62.4803
-62.4819
-62.4835
-62.4852
-62.4868
-62.4884
-62.49
-62.4916
-62.4932
-62.4948
-62.4964
-62.498
-62.4996
-62.5012
-62.5028
-62.5043
-62.5059
-62.5075
-62.5091
-62.5107
-62.5123
-62.5139
-62.5155
-62.5171
-62.5187
-62.5202
-62.5218
-62.5234
-62.525
-62.5266
-62.5281
-62.5297
-62.5313
-62.5329
-62.5344
-62.536
-62.5376
-62.5392
-62.5407
-62.5423
-62.5439
-62.5454
-62.547
-62.5486
-62.5501
-62.5517
-62.5533
-62.5548
-62.5564
-62.558
-62.5595
-62.5611
-62.5626
-62.5642
-62.5657
-62.5673
-62.5688
-62.5704
-62.5719
-62.5735
-62.575
-62.5766
-62.5781
-62.5797
-62.5812
-62.5828
-62.5843
-62.5859
-62.5874
-62.5889
-62.5905
-62.592
-62.5936
-62.5951
-62.5966
-62.5982
-62.5997
-62.6012
-62.6028
-62.6043
-62.6058
-62.6074
-62.6089
-62.6104
-62.6119
-62.6135
-62.615
-62.6165
-62.618
-62.6195
-62.6211
-62.6226
-62.6241
-62.6256
-62.6271
-62.6287
-62.6302
-62.6317
-62.6332
-62.6347
-62.6362
-62.6377
-62.6392
-62.6407
-62.6422
-62.6437
-62.6453
-62.6468
-62.6483
-62.6498
-62.6513
-62.6528
-62.6543
-62.6558
-62.6573
-62.6587
-62.6602
-62.6617
-62.6632
-62.6647
-62.6662
-62.6677
-62.6692
-62.6707
-62.6722
-62.6737
-62.6751
-62.6766
-62.6781
-62.6796
-62.6811
-62.6825
-62.684
-62.6855
-62.687
-62.6885
-62.6899
-62.6914
-62.6929
-62.6944
-62.6958
-62.6973
-62.6988
-62.7002
-62.7017
-62.7032
-62.7046
-62.7061
-62.7076
-62.709
-62.7105
-62.712
-62.7134
-62.7149
-62.7163
-62.7178
-62.7193
-62.7207
-62.7222
-62.7236
-62.7251
-62.7265
-62.728
-62.7294
-62.7309
-62.7323
-62.7338
-62.7352
-62.7367
-62.7381
-62.7396
-62.741
-62.7424
-62.7439
-62.7453
-62.7468
-62.7482
-62.7496
-62.7511
-62.7525
-62.7539
-62.7554
-62.7568
-62.7582
-62.7597
-62.7611
-62.7625
-62.764
-62.7654
-62.7668
-62.7682
-62.7697
-62.7711
-62.7725
-62.7739
-62.7754
-62.7768
-62.7782
-62.7796
-62.781
-62.7825
-62.7839
-62.7853
-62.7867
-62.7881
-62.7895
-62.7909
-62.7923
-62.7938
-62.7952
-62.7966
-62.798
-62.7994
-62.8008
-62.8022
-62.8036
-62.805
-62.8064
-62.8078
-62.8092
-62.8106
-62.812
-62.8134
-62.8148
-62.8162
-62.8176
-62.819
-62.8204
-62.8218
-62.8231
-62.8245
-62.8259
-62.8273
-62.8287
-62.8301
-62.8315
-62.8329
-62.8342
-62.8356
-62.837
-62.8384
-62.8398
-62.8411
-62.8425
-62.8439
-62.8453
-62.8467
-62.848
-62.8494
-62.8508
-62.8521
-62.8535
-62.8549
-62.8563
-62.8576
-62.859
-62.8604
-62.8617
-62.8631
-62.8645
-62.8658
-62.8672
-62.8685
-62.8699
-62.8713
-62.8726
-62.874
-62.8753
-62.8767
-62.878
-62.8794
-62.8808
-62.8821
-62.8835
-62.8848
-62.8862
-62.8875
-62.8889
-62.8902
-62.8916
-62.8929
-62.8942
-62.8956
-62.8969
-62.8983
-62.8996
-62.901
-62.9023
-62.9036
-62.905
-62.9063
-62.9077
-62.909
-62.9103
-62.9117
-62.913
-62.9143
-62.9157
-62.917
-62.9183
-62.9196
-62.921
-62.9223
-62.9236
-62.925
-62.9263
-62.9276
-62.9289
-62.9302
-62.9316
-62.9329
-62.9342
-62.9355
-62.9368
-62.9382
-62.9395
-62.9408
-62.9421
-62.9434
-62.9447
-62.9461
-62.9474
-62.9487
-62.95
-62.9513
-62.9526
-62.9539
-62.9552
-62.9565
-62.9578
-62.9591
-62.9604
-62.9617
-62.963
-62.9643
-62.9656
-62.9669
-62.9682
-62.9695
-62.9708
-62.9721
-62.9734
-62.9747
-62.976
-62.9773
-62.9786
-62.9799
-62.9812
-62.9825
-62.9837
-62.985
-62.9863
-62.9876
-62.9889
-62.9902
-62.9915
-62.9927
-62.994
-62.9953
-62.9966
-62.9979
-62.9991
-63.0004
-63.0017
-63.003
-63.0042
-63.0055
-63.0068
-63.0081
-63.0093
-63.0106
-63.0119
-63.0131
-63.0144
-63.0157
-63.0169
-63.0182
-63.0195
-63.0207
-63.022
-63.0233
-63.0245
-63.0258
-63.0271
-63.0283
-63.0296
-63.0308
-63.0321
-63.0333
-63.0346
-63.0359
-63.0371
-63.0384
-63.0396
-63.0409
-63.0421
-63.0434
-63.0446
-63.0459
-63.0471
-63.0484
-63.0496
-63.0508
-63.0521
-63.0533
-63.0546
-63.0558
-63.0571
-63.0583
-63.0595
-63.0608
-63.062
-63.0633
-63.0645
-63.0657
-63.067
-63.0682
-63.0694
-63.0707
-63.0719
-63.0731
-63.0744
-63.0756
-63.0768
-63.078
-63.0793
-63.0805
-63.0817
-63.0829
-63.0842
-63.0854
-63.0866
-63.0878
-63.0891
-63.0903
-63.0915
-63.0927
-63.0939
-63.0952
-63.0964
-63.0976
-63.0988
-63.1
-63.1012
-63.1024
-63.1036
-63.1049
-63.1061
-63.1073
-63.1085
-63.1097
-63.1109
-63.1121
-63.1133
-63.1145
-63.1157
-63.1169
-63.1181
-63.1193
-63.1205
-63.1217
-63.1229
-63.1241
-63.1253
-63.1265
-63.1277
-63.1289
-63.1301
-63.1313
-63.1325
-63.1337
-63.1349
-63.1361
-63.1373
-63.1384
-63.1396
-63.1408
-63.142
-63.1432
-63.1444
-63.1456
-63.1468
-63.1479
-63.1491
-63.1503
-63.1515
-63.1527
-63.1538
-63.155
-63.1562
-63.1574
-63.1586
-63.1597
-63.1609
-63.1621
-63.1632
-63.1644
-63.1656
-63.1668
-63.1679
-63.1691
-63.1703
-63.1714
-63.1726
-63.1738
-63.1749
-63.1761
-63.1773
-63.1784
-63.1796
-63.1808
-63.1819
-63.1831
-63.1842
-63.1854
-63.1866
-63.1877
-63.1889
-63.19
-63.1912
-63.1923
-63.1935
-63.1947
-63.1958
-63.197
-63.1981
-63.1993
-63.2004
-63.2016
-63.202
-63.2019
-63.2013
-63.2002
-63.1985
-63.1964
-63.1938
-63.1908
-63.1873
-63.1835
-63.1792
-63.1746
-63.1696
-63.1643
-63.1587
-63.1527
-63.1465
-63.1399
-63.1331
-63.1261
-63.1188
-63.1112
-63.1035
-63.0955
-63.0873
-63.079
-63.0705
-63.0617
-63.0529
-63.0439
-63.0347
-63.0254
-63.016
-63.0065
-62.9969
-62.9872
-62.9774
-62.9675
-62.9575
-62.9474
-62.9373
-62.9272
-62.9169
-62.9067
-62.8964
-62.886
-62.8756
-62.8652
-62.8548
-62.8444
-62.8339
-62.8235
-62.813
-62.8026
-62.7921
-62.7817
-62.7713
-62.7609
-62.7505
-62.7401
-62.7298
-62.7195
-62.7092
-62.699
-62.6888
-62.6786
-62.6685
-62.6584
-62.6484
-62.6384
-62.6285
-62.6186
-62.6087
-62.599
-62.5893
-62.5796
-62.57
-62.5605
-62.551
-62.5416
-62.5323
-62.523
-62.5138
-62.5047
-62.4956
-62.4866
-62.4777
-62.4689
-62.4601
-62.4514
-62.4428
-62.4342
-62.4257
-62.4173
-62.409
-62.4008
-62.3926
-62.3845
-62.3765
-62.3686
-62.3607
-62.3529
-62.3453
-62.3376
-62.3301
-62.3226
-62.3153
-62.308
-62.3007
-62.2936
-62.2865
-62.2795
-62.2726
-62.2658
-62.2591
-62.2524
-62.2458
-62.2393
-62.2328
-62.2265
-62.2202
-62.214
-62.2079
-62.2018
-62.1959
-62.19
-62.1841
-62.1784
-62.1727
-62.1671
-62.1616
-62.1561
-62.1508
-62.1455
-62.1402
-62.1351
-62.13
-62.125
-62.12
-62.1151
-62.1103
-62.1056
-62.1009
-62.0963
-62.0918
-62.0873
-62.0829
-62.0786
-62.0743
-62.0701
-62.066
-62.0619
-62.0579
-62.054
-62.0501
-62.0463
-62.0425
-62.0388
-62.0352
-62.0316
-62.0281
-62.0247
-62.0213
-62.0179
-62.0147
-62.0115
-62.0083
-62.0052
-62.0021
-61.9992
-61.9962
-61.9933
-61.9905
-61.9877
-61.985
-61.9823
-61.9797
-61.9772
-61.9746
-61.9722
-61.9698
-61.9674
-61.9651
-61.9628
-61.9606
-61.9584
-61.9563
-61.9542
-61.9522
-61.9502
-61.9483
-61.9464
-61.9445
-61.9427
-61.941
-61.9392
-61.9376
-61.9359
-61.9343
-61.9328
-61.9313
-61.9298
-61.9284
-61.927
-61.9256
-61.9243
-61.923
-61.9218
-61.9206
-61.9194
-61.9183
-61.9172
-61.9162
-61.9152
-61.9142
-61.9132
-61.9123
-61.9114
-61.9106
-61.9098
-61.909
-61.9083
-61.9075
-61.9069
-61.9062
-61.9056
-61.905
-61.9045
-61.9039
-61.9034
-61.903
-61.9025
-61.9021
-61.9017
-61.9014
-61.901
-61.9007
-61.9005
-61.9002
-61.9
-61.8998
-61.8996
-61.8995
-61.8994
-61.8993
-61.8992
-61.8992
-61.8992
-61.8992
-61.8992
-61.8992
-61.8993
-61.8994
-61.8995
-61.8997
-61.8998
-61.9
-61.9002
-61.9005
-61.9007
-61.901
-61.9013
-61.9016
-61.9019
-61.9023
-61.9026
-61.903
-61.9034
-61.9038
-61.9043
-61.9048
-61.9052
-61.9057
-61.9062
-61.9068
-61.9067
-61.906
-61.9049
-61.9032
-61.9011
-61.8985
-61.8955
-61.8921
-61.8883
-61.8841
-61.8795
-61.8746
-61.8693
-61.8638
-61.8579
-61.8517
-61.8453
-61.8386
-61.8317
-61.8245
-61.8171
-61.8094
-61.8016
-61.7936
-61.7854
-61.777
-61.7685
-61.7598
-61.7509
-61.742
-61.7329
-61.7237
-61.7144
-61.705
-61.6955
-61.6859
-61.6762
-61.6665
-61.6566
-61.6468
-61.6369
-61.6269
-61.6169
-61.6069
-61.5968
-61.5867
-61.5766
-61.5665
-61.5564
-61.5462
-61.5361
-61.526
-61.5158
-61.5057
-61.4956
-61.4855
-61.4755
-61.4654
-61.4554
-61.4454
-61.4355
-61.4256
-61.4157
-61.4059
-61.3961
-61.3864
-61.3767
-61.3671
-61.3575
-61.348
-61.3385
-61.3291
-61.3197
-61.3104
-61.3012
-61.2921
-61.283
-61.2739
-61.265
-61.2561
-61.2473
-61.2385
-61.2299
-61.2213
-61.2127
-61.2043
-61.1959
-61.1876
-61.1794
-61.1713
-61.1632
-61.1552
-61.1473
-61.1395
-61.1318
-61.1241
-61.1165
-61.109
-61.1016
-61.0943
-61.087
-61.0799
-61.0728
-61.0658
-61.0588
-61.052
-61.0452
-61.0386
-61.032
-61.0254
-61.019
-61.0127
-61.0064
-61.0002
-60.9941
-60.9881
-60.9821
-60.9763
-60.9705
-60.9648
-60.9591
-60.9536
-60.9481
-60.9427
-60.9374
-60.9322
-60.927
-60.9219
-60.9169
-60.912
-60.9071
-60.9024
-60.8977
-60.893
-60.8885
-60.884
-60.8796
-60.8753
-60.871
-60.8668
-60.8627
-60.8586
-60.8547
-60.8507
-60.8469
-60.8431
-60.8394
-60.8358
-60.8322
-60.8287
-60.8253
-60.8219
-60.8186
-60.8154
-60.8122
-60.8091
-60.806
-60.803
-60.8001
-60.7973
-60.7945
-60.7917
-60.789
-60.7864
-60.7838
-60.7813
-60.7789
-60.7765
-60.7742
-60.7719
-60.7697
-60.7675
-60.7654
-60.7633
-60.7613
-60.7594
-60.7575
-60.7556
-60.7538
-60.7521
-60.7504
-60.7487
-60.7471
-60.7456
-60.7441
-60.7426
-60.7412
-60.7399
-60.7386
-60.7373
-60.7361
-60.7349
-60.7338
-60.7327
-60.7317
-60.7307
-60.7297
-60.7288
-60.7279
-60.7271
-60.7263
-60.7256
-60.7249
-60.7242
-60.7236
-60.723
-60.7225
-60.722
-60.7215
-60.7211
-60.7207
-60.7203
-60.72
-60.7197
-60.7194
-60.7192
-60.719
-60.7189
-60.7188
-60.7187
-60.7186
-60.7186
-60.7186
-60.7187
-60.7187
-60.7189
-60.719
-60.7192
-60.7194
-60.7196
-60.7199
-60.7201
-60.7205
-60.7208
-60.7212
-60.7216
-60.722
-60.7225
-60.7229
-60.7234
-60.724
-60.7245
-60.7251
-60.7257
-60.7264
-60.727
-60.7277
-60.7284
-60.7292
-60.7299
-60.7307
-60.7315
-60.7323
-60.7332
-60.734
-60.7349
-60.7358
-60.7368
-60.7377
-60.7387
-60.7397
-60.7407
-60.7417
-60.7428
-60.7439
-60.7449
-60.7461
-60.7472
-60.7483
-60.7495
-60.7507
-60.7519
-60.7531
-60.7543
-60.7556
-60.7569
-60.7582
-60.7595
-60.7608
-60.7621
-60.7635
-60.7648
-60.7662
-60.7676
-60.769
-60.7705
-60.7719
-60.7734
-60.7748
-60.7763
-60.7778
-60.7793
-60.7809
-60.7824
-60.7839
-60.7855
-60.7871
-60.7887
-60.7903
-60.7919
-60.7935
-60.7952
-60.7968
-60.7985
-60.8002
-60.8018
-60.8035
-60.8053
-60.807
-60.8087
-60.8104
-60.8122
-60.814
-60.8157
-60.8175
-60.8193
-60.8211
-60.8229
-60.8247
-60.8266
-60.8284
-60.8302
-60.8321
-60.834
-60.8358
-60.8377
-60.8396
-60.8415
-60.8434
-60.8453
-60.8473
-60.8492
-60.8511
-60.8531
-60.855
-60.857
-60.859
-60.8609
-60.8629
-60.8649
-60.8669
-60.8689
-60.8709
-60.8729
-60.875
-60.877
-60.879
-60.8811
-60.8831
-60.8852
-60.8872
-60.8893
-60.8914
-60.8934
-60.8955
-60.8976
-60.8997
-60.9018
-60.9039
-60.906
-60.9081
-60.9103
-60.9124
-60.9145
-60.9166
-60.9188
-60.9209
-60.9231
-60.9252
-60.9274
-60.9295
-60.9317
-60.9339
-60.936
-60.9382
-60.9404
-60.9426
-60.9448
-60.947
-60.9492
-60.9514
-60.9536
-60.9558
-60.958
-60.9602
-60.9624
-60.9646
-60.9668
-60.9691
-60.9713
-60.9735
-60.9758
-60.978
-60.9802
-60.9825
-60.9847
-60.987
-60.9892
-60.9915
-60.9937
-60.996
-60.9982
-61.0005
-61.0028
-61.005
-61.0073
-61.0096
-61.0119
-61.0141
-61.0164
-61.0187
-61.021
-61.0233
-61.0255
-61.0278
-61.0301
-61.0324
-61.0347
-61.037
-61.0393
-61.0416
-61.0439
-61.0462
-61.0485
-61.0508
-61.0531
-61.0554
-61.0577
-61.06
-61.0623
-61.0647
-61.067
-61.0693
-61.0716
-61.0739
-61.0762
-61.0785
-61.0809
-61.0832
-61.0855
-61.0878
-61.0901
-61.0925
-61.0948
-61.0971
-61.0994
-61.1018
-61.1041
-61.1064
-61.1088
-61.1111
-61.1134
-61.1157
-61.1181
-61.1204
-61.1227
-61.1251
-61.1274
-61.1297
-61.1321
-61.1344
-61.1367
-61.1391
-61.1414
-61.1437
-61.1461
-61.1484
-61.1508
-61.1531
-61.1554
-61.1578
-61.1601
-61.1624
-61.1648
-61.1671
-61.1694
-61.1718
-61.1741
-61.1765
-61.1788
-61.1811
-61.1835
-61.1858
-61.1881
-61.1905
-61.1928
-61.1951
-61.1975
-61.1998
-61.2022
-61.2045
-61.2068
-61.2092
-61.2115
-61.2138
-61.2162
-61.2185
-61.2208
-61.2232
-61.2255
-61.2278
-61.2302
-61.2325
-61.2348
-61.2372
-61.2395
-61.2418
-61.2441
-61.2465
-61.2488
-61.2511
-61.2535
-61.2558
-61.2581
-61.2604
-61.2628
-61.2651
-61.2674
-61.2697
-61.2721
-61.2744
-61.2767
-61.279
-61.2813
-61.2837
-61.286
-61.2883
-61.2906
-61.2929
-61.2952
-61.2976
-61.2999
-61.3022
-61.3045
-61.3068
-61.3091
-61.3114
-61.3138
-61.3161
-61.3184
-61.3207
-61.323
-61.3253
-61.3276
-61.3299
-61.3322
-61.3345
-61.3368
-61.3391
-61.3414
-61.3437
-61.346
-61.3483
-61.3506
-61.3529
-61.3552
-61.3575
-61.3598
-61.3621
-61.3644
-61.3667
-61.369
-61.3712
-61.3735
-61.3758
-61.3781
-61.3804
-61.3827
-61.385
-61.3872
-61.3895
-61.3918
-61.3941
-61.3964
-61.3986
-61.4009
-61.4032
-61.4055
-61.4077
-61.41
-61.4123
-61.4145
-61.4168
-61.4191
-61.4213
-61.4236
-61.4259
-61.4281
-61.4304
-61.4327
-61.4349
-61.4372
-61.4394
-61.4417
-61.444
-61.4462
-61.4485
-61.4507
-61.453
-61.4552
-61.4575
-61.4597
-61.462
-61.4642
-61.4665
-61.4687
-61.4709
-61.4732
-61.4754
-61.4777
-61.4799
-61.4821
-61.4844
-61.4866
-61.4888
-61.4911
-61.4933
-61.4955
-61.4978
-61.5
-61.5022
-61.5044
-61.5067
-61.5089
-61.5111
-61.5133
-61.5155
-61.5178
-61.52
-61.5222
-61.5244
-61.5266
-61.5288
-61.531
-61.5333
-61.5355
-61.5377
-61.5399
-61.5421
-61.5443
-61.5465
-61.5487
-61.5509
-61.5531
-61.5553
-61.5575
-61.5597
-61.5619
-61.5641
-61.5663
-61.5684
-61.5706
-61.5728
-61.575
-61.5772
-61.5794
-61.5816
-61.5837
-61.5859
-61.5881
-61.5903
-61.5925
-61.5946
-61.5968
-61.599
-61.6011
-61.6033
-61.6055
-61.6077
-61.6098
-61.612
-61.6141
-61.6163
-61.6185
-61.6206
-61.6228
-61.6249
-61.6271
-61.6293
-61.6314
-61.6336
-61.6357
-61.6379
-61.64
-61.6422
-61.6443
-61.6465
-61.6486
-61.6507
-61.6529
-61.655
-61.6572
-61.6593
-61.6614
-61.6636
-61.6657
-61.6678
-61.67
-61.6721
-61.6742
-61.6763
-61.6785
-61.6806
-61.6827
-61.6848
-61.687
-61.6891
-61.6912
-61.6933
-61.6954
-61.6976
-61.6997
-61.7018
-61.7039
-61.706
-61.7081
-61.7102
-61.7123
-61.7144
-61.7165
-61.7186
-61.7207
-61.7228
-61.7249
-61.727
-61.7291
-61.7312
-61.7333
-61.7354
-61.7375
-61.7396
-61.7417
-61.7437
-61.7458
-61.7479
-61.75
-61.7521
-61.7542
-61.7562
-61.7583
-61.7604
-61.7625
-61.7645
-61.7666
-61.7687
-61.7708
-61.7728
-61.7749
-61.777
-61.779
-61.7811
-61.7831
-61.7852
-61.7873
-61.7893
-61.7914
-61.7934
-61.7955
-61.7975
-61.7996
-61.8016
-61.8037
-61.8057
-61.8078
-61.8098
-61.8119
-61.8139
-61.816
-61.818
-61.82
-61.8221
-61.8241
-61.8262
-61.8282
-61.8302
-61.8322
-61.8343
-61.8363
-61.8383
-61.8404
-61.8424
-61.8444
-61.8464
-61.8485
-61.8505
-61.8525
-61.8545
-61.8565
-61.8585
-61.8606
-61.8626
-61.8646
-61.8666
-61.8686
-61.8706
-61.8726
-61.8746
-61.8766
-61.8786
-61.8806
-61.8826
-61.8846
-61.8866
-61.8886
-61.8906
-61.8926
-61.8946
-61.8966
-61.8986
-61.9006
-61.9026
-61.9045
-61.9065
-61.9085
-61.9105
-61.9125
-61.9145
-61.9164
-61.9184
-61.9204
-61.9224
-61.9243
-61.9263
-61.9283
-61.9302
-61.9322
-61.9342
-61.9362
-61.9381
-61.9401
-61.942
-61.944
-61.946
-61.9479
-61.9499
-61.9518
-61.9538
-61.9557
-61.9577
-61.9596
-61.9616
-61.9635
-61.9655
-61.9674
-61.9694
-61.9713
-61.9733
-61.9752
-61.9772
-61.9791
-61.981
-61.983
-61.9849
-61.9868
-61.9888
-61.9907
-61.9926
-61.9946
-61.9965
-61.9984
-62.0003
-62.0023
-62.0042
-62.0061
-62.008
-62.0099
-62.0119
-62.0138
-62.0157
-62.0176
-62.0195
-62.0214
-62.0234
-62.0253
-62.0272
-62.0291
-62.031
-62.0329
-62.0348
-62.0367
-62.0386
-62.0405
-62.0424
-62.0443
-62.0462
-62.0481
-62.05
-62.0519
-62.0538
-62.0556
-62.0575
-62.0594
-62.0613
-62.0632
-62.0651
-62.067
-62.0688
-62.0707
-62.0726
-62.0745
-62.0764
-62.0782
-62.0801
-62.082
-62.0839
-62.0857
-62.0876
-62.0895
-62.0913
-62.0932
-62.0951
-62.0969
-62.0988
-62.1007
-62.1025
-62.1044
-62.1062
-62.1081
-62.1099
-62.1118
-62.1136
-62.1155
-62.1174
-62.1192
-62.1211
-62.1229
-62.1247
-62.1266
-62.1284
-62.1303
-62.1321
-62.134
-62.1358
-62.1376
-62.1395
-62.1413
-62.1431
-62.145
-62.1468
-62.1486
-62.1505
-62.1523
-62.1541
-62.1559
-62.1578
-62.1596
-62.1614
-62.1632
-62.1651
-62.1669
-62.1687
-62.1705
-62.1723
-62.1741
-62.176
-62.1778
-62.1796
-62.1814
-62.1832
-62.185
-62.1868
-62.1886
-62.1904
-62.1922
-62.194
-62.1958
-62.1976
-62.1994
-62.2012
-62.203
-62.2048
-62.2066
-62.2084
-62.2102
-62.212
-62.2138
-62.2156
-62.2173
-62.2191
-62.2209
-62.2227
-62.2245
-62.2263
-62.228
-62.2298
-62.2316
-62.2334
-62.2351
-62.2369
-62.2387
-62.2405
-62.2422
-62.244
-62.2458
-62.2475
-62.2493
-62.2511
-62.2528
-62.2546
-62.2564
-62.2581
-62.2599
-62.2616
-62.2634
-62.2652
-62.2669
-62.2687
-62.2704
-62.2722
-62.2739
-62.2757
-62.2774
-62.2792
-62.2809
-62.2827
-62.2844
-62.2861
-62.2879
-62.2896
-62.2914
-62.2931
-62.2948
-62.2966
-62.2983
-62.3
-62.3018
-62.3035
-62.3052
-62.307
-62.3087
-62.3104
-62.3121
-62.3139
-62.3156
-62.3173
-62.319
-62.3208
-62.3225
-62.3242
-62.3259
-62.3276
-62.3293
-62.3311
-62.3328
-62.3345
-62.3362
-62.3379
-62.3396
-62.3413
-62.343
-62.3447
-62.3464
-62.3481
-62.3498
-62.3515
-62.3532
-62.3549
-62.3566
-62.3583
-62.36
-62.3617
-62.3634
-62.3651
-62.3668
-62.3685
-62.3702
-62.3719
-62.3735
-62.3752
-62.3769
-62.3786
-62.3803
-62.382
-62.3836
-62.3853
-62.387
-62.3887
-62.3904
-62.392
-62.3937
-62.3954
-62.397
-62.3987
-62.4004
-62.4021
-62.4037
-62.4054
-62.4071
-62.4087
-62.4104
-62.412
-62.4137
-62.4154
-62.417
-62.4187
-62.4203
-62.422
-62.4236
-62.4253
-62.427
-62.4286
-62.4303
-62.4319
-62.4335
-62.4352
-62.4368
-62.4385
-62.4401
-62.4418
-62.4434
-62.4451
-62.4467
-62.4483
-62.45
-62.4516
-62.4532
-62.4549
-62.4565
-62.4581
-62.4598
-62.4614
-62.463
-62.4647
-62.4663
-62.4679
-62.4695
-62.4712
-62.4728
-62.4744
-62.476
-62.4776
-62.4793
-62.4809
-62.4825
-62.4841
-62.4857
-62.4873
-62.489
-62.4906
-62.4922
-62.4938
-62.4954
-62.497
-62.4986
-62.5002
-62.5018
-62.5034
-62.505
-62.5066
-62.5082
-62.5098
-62.5114
-62.513
-62.5146
-62.5162
-62.5178
-62.5194
-62.521
-62.5226
-62.5242
-62.5258
-62.5273
-62.5289
-62.5305
-62.5321
-62.5337
-62.5353
-62.5369
-62.5384
-62.54
-62.5416
-62.5432
-62.5447
-62.5463
-62.5479
-62.5495
-62.551
-62.5526
-62.5542
-62.5558
-62.5573
-62.5589
-62.5605
-62.562
-62.5636
-62.5651
-62.5667
-62.5683
-62.5698
-62.5714
-62.573
-62.5745
-62.5761
-62.5776
-62.5792
-62.5807
-62.5823
-62.5838
-62.5854
-62.5869
-62.5885
-62.59
-62.5916
-62.5931
-62.5947
-62.5962
-62.5978
-62.5993
-62.6008
-62.6024
-62.6039
-62.6054
-62.607
-62.6085
-62.6101
-62.6116
-62.6131
-62.6147
-62.6162
-62.6177
-62.6192
-62.6208
-62.6223
-62.6238
-62.6253
-62.6269
-62.6284
-62.6299
-62.6314
-62.633
-62.6345
-62.636
-62.6375
-62.639
-62.6405
-62.6421
-62.6436
-62.6451
-62.6466
-62.6481
-62.6496
-62.6511
-62.6526
-62.6541
-62.6556
-62.6571
-62.6586
-62.6601
-62.6616
-62.6631
-62.6646
-62.6661
-62.6676
-62.6691
-62.6706
-62.6721
-62.6736
-62.6751
-62.6766
-62.6781
-62.6796
-62.6811
-62.6826
-62.6841
-62.6855
-62.687
-62.6885
-62.69
-62.6915
-62.693
-62.6944
-62.6959
-62.6974
-62.6989
-62.7004
-62.7018
-62.7033
-62.7048
-62.7062
-62.7077
-62.7092
-62.7107
-62.7121
-62.7136
-62.7151
-62.7165
-62.718
-62.7195
-62.7209
-62.7224
-62.7238
-62.7253
-62.7268
-62.7282
-62.7297
-62.7311
-62.7326
-62.7341
-62.7355
-62.737
-62.7384
-62.7399
-62.7413
-62.7428
-62.7442
-62.7457
-62.7471
-62.7485
-62.75
-62.7514
-62.7529
-62.7543
-62.7558
-62.7572
-62.7586
-62.7601
-62.7615
-62.763
-62.7644
-62.7658
-62.7673
-62.7687
-62.7701
-62.7716
-62.773
-62.7744
-62.7758
-62.7773
-62.7787
-62.7801
-62.7815
-62.783
-62.7844
-62.7858
-62.7872
-62.7887
-62.7901
-62.7915
-62.7929
-62.7943
-62.7957
-62.7972
-62.7986
-62.8
-62.8014
-62.8028
-62.8042
-62.8056
-62.807
-62.8084
-62.8098
-62.8112
-62.8126
-62.8141
-62.8155
-62.8169
-62.8183
-62.8197
-62.8211
-62.8225
-62.8239
-62.8252
-62.8266
-62.828
-62.8294
-62.8308
-62.8322
-62.8336
-62.835
-62.8364
-62.8378
-62.8392
-62.8405
-62.8419
-62.8433
-62.8447
-62.8461
-62.8475
-62.8488
-62.8502
-62.8516
-62.853
-62.8544
-62.8557
-62.8571
-62.8585
-62.8599
-62.8612
-62.8626
-62.864
-62.8654
-62.8667
-62.8681
-62.8695
-62.8708
-62.8722
-62.8736
-62.8749
-62.8763
-62.8776
-62.879
-62.8804
-62.8817
-62.8831
-62.8844
-62.8858
-62.8872
-62.8885
-62.8899
-62.8912
-62.8926
-62.8939
-62.8953
-62.8966
-62.898
-62.8993
-62.9007
-62.902
-62.9034
-62.9047
-62.9061
-62.9074
-62.9087
-62.9101
-62.9114
-62.9128
-62.9141
-62.9154
-62.9168
-62.9181
-62.9195
-62.9208
-62.9221
-62.9235
-62.9248
-62.9261
-62.9275
-62.9288
-62.9301
-62.9314
-62.9328
-62.9341
-62.9354
-62.9367
-62.9381
-62.9394
-62.9407
-62.942
-62.9434
-62.9447
-62.946
-62.9473
-62.9486
-62.9499
-62.9513
-62.9526
-62.9539
-62.9552
-62.9565
-62.9578
-62.9591
-62.9604
-62.9618
-62.9631
-62.9644
-62.9657
-62.967
-62.9683
-62.9696
-62.9709
-62.9722
-62.9735
-62.9748
-62.9761
-62.9774
-62.9787
-62.98
-62.9813
-62.9826
-62.9839
-62.9852
-62.9865
-62.9877
-62.989
-62.9903
-62.9916
-62.9929
-62.9942
-62.9955
-62.9968
-62.9981
-62.9993
-63.0006
-63.0019
-63.0032
-63.0045
-63.0057
-63.007
-63.0083
-63.0096
-63.0109
-63.0121
-63.0134
-63.0147
-63.016
-63.0172
-63.0185
-63.0198
-63.021
-63.0223
-63.0236
-63.0249
-63.0261
-63.0274
-63.0287
-63.0299
-63.0312
-63.0324
-63.0337
-63.035
-63.0362
-63.0375
-63.0387
-63.04
-63.0413
-63.0425
-63.0438
-63.045
-63.0463
-63.0475
-63.0488
-63.05
-63.0513
-63.0525
-63.0538
-63.055
-63.0563
-63.0575
-63.0588
-63.06
-63.0613
-63.0625
-63.0638
-63.065
-63.0662
-63.0675
-63.0687
-63.07
-63.0712
-63.0724
-63.0737
-63.0749
-63.0761
-63.0774
-63.0786
-63.0798
-63.0811
-63.0823
-63.0835
-63.0848
-63.086
-63.0872
-63.0885
-63.0897
-63.0909
-63.0921
-63.0934
-63.0946
-63.0958
-63.097
-63.0982
-63.0995
-63.1007
-63.1019
-63.1031
-63.1043
-63.1056
-63.1068
-63.108
-63.1092
-63.1104
-63.1116
-63.1128
-63.114
-63.1153
-63.1165
-63.1177
-63.1189
-63.1201
-63.1213
-63.1225
-63.1237
-63.1249
-63.1261
-63.1273
-63.1285
-63.1297
-63.1309
-63.1321
-63.1333
-63.1345
-63.1357
-63.1369
-63.1381
-63.1393
-63.1405
-63.1417
-63.1429
-63.1441
-63.1452
-63.1464
-63.1476
-63.1488
-63.15
-63.1512
-63.1524
-63.1536
-63.1547
-63.1559
-63.1571
-63.1583
-63.1595
-63.1607
-63.1618
-63.163
-63.1642
-63.1654
-63.1666
-63.1677
-63.1689
-63.1701
-63.1713
-63.1724
-63.1736
-63.1748
-63.1759
-63.1771
-63.1783
-63.1794
-63.1806
-63.1818
-63.1829
-63.1841
-63.1853
-63.1864
-63.1876
-63.1888
-63.1899
-63.1911
-63.1923
-63.1934
-63.1946
-63.1957
-63.1969
-63.198
-63.1992
-63.2004
-63.2015
-63.2027
-63.2038
-63.205
-63.2061
-63.2073
-63.2084
-63.2096
-63.2107
-63.2119
-63.213
-63.2142
-63.2153
-63.2165
-63.2176
-63.2187
-63.2199
-63.221
-63.2222
-63.2233
-63.2244
-63.2256
-63.2267
-63.2279
-63.229
-63.2301
-63.2313
-63.2324
-63.2335
-63.2347
-63.2358
-63.2369
-63.2381
-63.2392
-63.2403
-63.2415
-63.2426
-63.2437
-63.2448
-63.246
-63.2471
-63.2482
-63.2493
-63.2505
-63.2516
-63.2527
-63.2538
-63.2549
-63.2561
-63.2572
-63.2583
-63.2594
-63.2605
-63.2616
-63.2628
-63.2639
-63.265
-63.2661
-63.2672
-63.2683
-63.2694
-63.2705
-63.2717
-63.2728
-63.2739
-63.275
-63.2761
-63.2772
-63.2783
-63.2794
-63.2805
-63.2816
-63.2827
-63.2838
-63.2849
-63.286
-63.2871
-63.2882
-63.2893
-63.2904
-63.2915
-63.2926
-63.2937
-63.2948
-63.2959
-63.297
-63.2981
-63.2992
-63.3003
-63.3013
-63.3024
-63.3035
-63.3046
-63.3057
-63.3068
-63.3079
-63.309
-63.31
-63.3111
-63.3122
-63.3133
-63.3144
-63.3155
-63.3165
-63.3176
-63.3187
-63.3198
-63.3209
-63.3219
-63.323
-63.3241
-63.3252
-63.3262
-63.3273
-63.3284
-63.3294
-63.3305
-63.3316
-63.3327
-63.3337
-63.3348
-63.3359
-63.3369
-63.338
-63.3391
-63.3401
-63.3412
-63.3423
-63.3433
-63.3444
-63.3454
-63.3465
-63.3476
-63.3486
-63.3497
-63.3507
-63.3518
-63.3529
-63.3539
-63.355
-63.356
-63.3571
-63.3581
-63.3592
-63.3602
-63.3613
-63.3623
-63.3634
-63.3644
-63.3655
-63.3665
-63.3676
-63.3686
-63.3697
-63.3707
-63.3718
-63.3728
-63.3739
-63.3749
-63.376
-63.377
-63.378
-63.3791
-63.3801
-63.3812
-63.3822
-63.3832
-63.3843
-63.3853
-63.3863
-63.3874
-63.3884
-63.3894
-63.3905
-63.3915
-63.3925
-63.3936
-63.3946
-63.3956
-63.3967
-63.3977
-63.3987
-63.3997
-63.4008
-63.4018
-63.4028
-63.4038
-63.4049
-63.4059
-63.4069
-63.4079
-63.409
-63.41
-63.411
-63.412
-63.413
-63.4141
-63.4151
-63.4161
-63.4171
-63.4181
-63.4191
-63.4201
-63.4212
-63.4222
-63.4232
-63.4242
-63.4252
-63.4262
-63.4272
-63.4282
-63.4292
-63.4303
-63.4313
-63.4323
-63.4333
-63.4343
-63.4353
-63.4363
-63.4373
-63.4383
-63.4393
-63.4403
-63.4413
-63.4423
-63.4433
-63.4443
-63.4453
-63.4463
-63.4473
-63.4483
-63.4493
-63.4503
-63.4513
-63.4523
-63.4532
-63.4542
-63.4552
-63.4562
-63.4572
-63.4582
-63.4592
-63.4602
-63.4612
-63.4622
-63.4631
-63.4641
-63.4651
-63.4661
-63.4671
-63.4681
-63.469
-63.47
-63.471
-63.472
-63.473
-63.4739
-63.4749
-63.4759
-63.4769
-63.4779
-63.4788
-63.4798
-63.4808
-63.4818
-63.4827
-63.4837
-63.4847
-63.4857
-63.4866
-63.4876
-63.4886
-63.4895
-63.4905
-63.4915
-63.4924
-63.4934
-63.4944
-63.4953
-63.4963
-63.4973
-63.4982
-63.4992
-63.5002
-63.5011
-63.5021
-63.503
-63.504
-63.505
-63.5059
-63.5069
-63.5078
-63.5088
-63.5097
-63.5107
-63.5117
-63.5126
-63.5136
-63.5145
-63.5155
-63.5164
-63.5174
-63.5183
-63.5193
-63.5202
-63.5212
-63.5221
-63.5231
-63.524
-63.525
-63.5259
-63.5269
-63.5278
-63.5287
-63.5297
-63.5306
-63.5316
-63.5325
-63.5335
-63.5344
-63.5353
-63.5363
-63.5372
-63.5382
-63.5391
-63.54
-63.541
-63.5419
-63.5428
-63.5438
-63.5447
-63.5456
-63.5466
-63.5475
-63.5484
-63.5494
-63.5503
-63.5512
-63.5522
-63.5531
-63.554
-63.5549
-63.5559
-63.5568
-63.5577
-63.5586
-63.5596
-63.5605
-63.5614
-63.5623
-63.5633
-63.5642
-63.5651
-63.566
-63.5669
-63.5679
-63.5688
-63.5697
-63.5706
-63.5715
-63.5724
-63.5734
-63.5743
-63.5752
-63.5761
-63.577
-63.5779
-63.5788
-63.5798
-63.5807
-63.5816
-63.5825
-63.5834
-63.5843
-63.5852
-63.5861
-63.587
-63.5879
-63.5888
-63.5897
-63.5906
-63.5915
-63.5925
-63.5934
-63.5943
-63.5952
-63.5961
-63.597
-63.5979
-63.5988
-63.5997
-63.6006
-63.6015
-63.6023
-63.6032
-63.6041
-63.605
-63.6059
-63.6068
-63.6077
-63.6086
-63.6095
-63.6104
-63.6113
-63.6122
-63.6131
-63.614
-63.6148
-63.6157
-63.6166
-63.6175
-63.6184
-63.6193
-63.6202
-63.6211
-63.6219
-63.6228
-63.6237
-63.6246
-63.6255
-63.6264
-63.6272
-63.6281
-63.629
-63.6299
-63.6307
-63.6316
-63.6325
-63.6334
-63.6343
-63.6351
-63.636
-63.6369
-63.6378
-63.6386
-63.6395
-63.6404
-63.6412
-63.6421
-63.643
-63.6439
-63.6447
-63.6456
-63.6465
-63.6473
-63.6482
-63.6491
-63.6499
-63.6508
-63.6517
-63.6525
-63.6534
-63.6543
-63.6551
-63.656
-63.6568
-63.6577
-63.6586
-63.6594
-63.6603
-63.6611
-63.662
-63.6629
-63.6637
-63.6646
-63.6654
-63.6663
-63.6671
-63.668
-63.6689
-63.6697
-63.6706
-63.6714
-63.6723
-63.6731
-63.674
-63.6748
-63.6757
-63.6765
-63.6774
-63.6782
-63.6791
-63.6799
-63.6808
-63.6816
-63.6824
-63.6833
-63.6841
-63.685
-63.6858
-63.6867
-63.6875
-63.6884
-63.6892
-63.69
-63.6909
-63.6917
-63.6926
-63.6934
-63.6942
-63.6951
-63.6959
-63.6967
-63.6976
-63.6984
-63.6992
-63.7001
-63.7009
-63.7017
-63.7026
-63.7034
-63.7042
-63.7051
-63.7059
-63.7067
-63.7076
-63.7084
-63.7092
-63.71
-63.7109
-63.7117
-63.7125
-63.7134
-63.7142
-63.715
-63.7158
-63.7166
-63.7175
-63.7183
-63.7191
-63.7199
-63.7208
-63.7216
-63.7224
-63.7232
-63.724
-63.7249
-63.7257
-63.7265
-63.7273
-63.7281
-63.7289
-63.7298
-63.7306
-63.7314
-63.7322
-63.733
-63.7338
-63.7346
-63.7354
-63.7363
-63.7371
-63.7379
-63.7387
-63.7395
-63.7403
-63.7411
-63.7419
-63.7427
-63.7435
-63.7443
-63.7451
-63.7459
-63.7467
-63.7476
-63.7484
-63.7492
-63.75
-63.7508
-63.7516
-63.7524
-63.7532
-63.754
-63.7548
-63.7556
-63.7564
-63.7572
-63.758
-63.7587
-63.7595
-63.7603
-63.7611
-63.7619
-63.7627
-63.7635
-63.7643
-63.7651
-63.7659
-63.7667
-63.7675
-63.7683
-63.7691
-63.7698
-63.7706
-63.7714
-63.7722
-63.773
-63.7738
-63.7746
-63.7754
-63.7761
-63.7769
-63.7777
-63.7785
-63.7793
-63.7801
-63.7808
-63.7816
-63.7824
-63.7832
-63.784
-63.7847
-63.7855
-63.7863
-63.7871
-63.7879
-63.7886
-63.7894
-63.7902
-63.791
-63.7917
-63.7925
-63.7933
-63.7941
-63.7948
-63.7956
-63.7964
-63.7972
-63.7979
-63.7987
-63.7995
-63.8002
-63.801
-63.8018
-63.8025
-63.8033
-63.8041
-63.8048
-63.8056
-63.8064
-63.8071
-63.8079
-63.8087
-63.8094
-63.8102
-63.811
-63.8117
-63.8125
-63.8132
-63.814
-63.8148
-63.8155
-63.8163
-63.817
-63.8178
-63.8186
-63.8193
-63.8201
-63.8208
-63.8216
-63.8223
-63.8231
-63.8239
-63.8246
-63.8254
-63.8261
-63.8269
-63.8276
-63.8284
-63.8291
-63.8299
-63.8306
-63.8314
-63.8321
-63.8329
-63.8336
-63.8344
-63.8351
-63.8359
-63.8366
-63.8374
-63.8381
-63.8388
-63.8396
-63.8403
-63.8411
-63.8418
-63.8426
-63.8433
-63.844
-63.8448
-63.8455
-63.8463
-63.847
-63.8477
-63.8485
-63.8492
-63.85
-63.8507
-63.8514
-63.8522
-63.8529
-63.8536
-63.8544
-63.8551
-63.8558
-63.8566
-63.8573
-63.858
-63.8588
-63.8595
-63.8602
-63.861
-63.8617
-63.8624
-63.8632
-63.8639
-63.8646
-63.8653
-63.8661
-63.8668
-63.8675
-63.8682
-63.869
-63.8697
-63.8704
-63.8711
-63.8719
-63.8726
-63.8733
-63.874
-63.8748
-63.8755
-63.8762
-63.8769
-63.8776
-63.8784
-63.8791
-63.8798
-63.8805
-63.8812
-63.882
-63.8827
-63.8834
-63.8841
-63.8848
-63.8855
-63.8862
-63.887
-63.8877
-63.8884
-63.8891
-63.8898
-63.8905
-63.8912
-63.8919
-63.8927
-63.8934
-63.8941
-63.8948
-63.8955
-63.8962
-63.8969
-63.8976
-63.8983
-63.899
-63.8997
-63.9004
-63.9011
-63.9019
-63.9026
-63.9033
-63.904
-63.9047
-63.9054
-63.9061
-63.9068
-63.9075
-63.9082
-63.9089
-63.9096
-63.9103
-63.911
-63.9117
-63.9124
-63.9131
-63.9138
-63.9145
-63.9152
-63.9158
-63.9165
-63.9172
-63.9179
-63.9186
-63.9193
-63.92
-63.9207
-63.9214
-63.9221
-63.9228
-63.9235
-63.9242
-63.9248
-63.9255
-63.9262
-63.9269
-63.9276
-63.9283
-63.929
-63.9297
-63.9303
-63.931
-63.9317
-63.9324
-63.9331
-63.9338
-63.9345
-63.9351
-63.9358
-63.9365
-63.9372
-63.9379
-63.9385
-63.9392
-63.9399
-63.9406
-63.9413
-63.9419
-63.9426
-63.9433
-63.944
-63.9447
-63.9453
-63.946
-63.9467
-63.9474
-63.948
-63.9487
-63.9494
-63.9501
-63.9507
-63.9514
-63.9521
-63.9527
-63.9534
-63.9541
-63.9548
-63.9554
-63.9561
-63.9568
-63.9574
-63.9581
-63.9588
-63.9594
-63.9601
-63.9608
-63.9614
-63.9621
-63.9628
-63.9634
-63.9641
-63.9648
-63.9654
-63.9661
-63.9668
-63.9674
-63.9681
-63.9687
-63.9694
-63.9701
-63.9707
-63.9714
-63.972
-63.9727
-63.9734
-63.974
-63.9747
-63.9753
-63.976
-63.9766
-63.9773
-63.978
-63.9786
-63.9793
-63.9799
-63.9806
-63.9812
-63.9819
-63.9825
-63.9832
-63.9838
-63.9845
-63.9851
-63.9858
-63.9864
-63.9871
-63.9877
-63.9884
-63.989
-63.9897
-63.9903
-63.991
-63.9916
-63.9923
-63.9929
-63.9936
-63.9942
-63.9948
-63.9955
-63.9961
-63.9968
-63.9974
-63.9981
-63.9987
-63.9994
-64
-64.0006
-64.0013
-64.0019
-64.0026
-64.0032
-64.0038
-64.0045
-64.0051
-64.0057
-64.0064
-64.007
-64.0077
-64.0083
-64.0089
-64.0096
-64.0102
-64.0108
-64.0115
-64.0121
-64.0127
-64.0134
-64.014
-64.0146
-64.0153
-64.0152
-64.0146
-64.0134
-64.0117
-64.0095
-64.0068
-64.0037
-64.0001
-63.9961
-63.9916
-63.9868
-63.9816
-63.976
-63.9701
-63.9639
-63.9573
-63.9505
-63.9433
-63.9359
-63.9283
-63.9203
-63.9122
-63.9038
-63.8952
-63.8864
-63.8774
-63.8683
-63.8589
-63.8494
-63.8398
-63.83
-63.8201
-63.81
-63.7999
-63.7896
-63.7792
-63.7688
-63.7582
-63.7476
-63.7369
-63.7262
-63.7153
-63.7045
-63.6936
-63.6826
-63.6716
-63.6606
-63.6496
-63.6385
-63.6274
-63.6163
-63.6052
-63.5941
-63.583
-63.572
-63.5609
-63.5498
-63.5388
-63.5277
-63.5167
-63.5058
-63.4948
-63.4839
-63.473
-63.4622
-63.4514
-63.4406
-63.4299
-63.4192
-63.4086
-63.3981
-63.3875
-63.3771
-63.3667
-63.3564
-63.3461
-63.3359
-63.3257
-63.3156
-63.3056
-63.2956
-63.2857
-63.2759
-63.2662
-63.2565
-63.2469
-63.2374
-63.2279
-63.2185
-63.2092
-63.2
-63.1908
-63.1817
-63.1727
-63.1638
-63.1549
-63.1462
-63.1375
-63.1289
-63.1203
-63.1119
-63.1035
-63.0952
-63.087
-63.0789
-63.0708
-63.0629
-63.055
-63.0472
-63.0394
-63.0318
-63.0242
-63.0167
-63.0093
-63.002
-62.9947
-62.9876
-62.9805
-62.9735
-62.9665
-62.9597
-62.9529
-62.9462
-62.9396
-62.933
-62.9266
-62.9202
-62.9139
-62.9076
-62.9015
-62.8954
-62.8894
-62.8834
-62.8776
-62.8718
-62.8661
-62.8604
-62.8548
-62.8493
-62.8439
-62.8386
-62.8333
-62.8281
-62.8229
-62.8178
-62.8128
-62.8079
-62.803
-62.7982
-62.7935
-62.7888
-62.7842
-62.7796
-62.7752
-62.7707
-62.7664
-62.7621
-62.7579
-62.7537
-62.7496
-62.7456
-62.7416
-62.7377
-62.7338
-62.73
-62.7263
-62.7226
-62.7189
-62.7154
-62.7119
-62.7084
-62.705
-62.7017
-62.6984
-62.6951
-62.6919
-62.6888
-62.6857
-62.6827
-62.6797
-62.6768
-62.6739
-62.6711
-62.6683
-62.6656
-62.6629
-62.6603
-62.6577
-62.6552
-62.6527
-62.6502
-62.6478
-62.6455
-62.6432
-62.6409
-62.6387
-62.6365
-62.6344
-62.6323
-62.6302
-62.6282
-62.6263
-62.6243
-62.6224
-62.6206
-62.6188
-62.617
-62.6153
-62.6136
-62.612
-62.6104
-62.6088
-62.6072
-62.6057
-62.6043
-62.6028
-62.6014
-62.6001
-62.5987
-62.5974
-62.5962
-62.595
-62.5938
-62.5926
-62.5915
-62.5904
-62.5893
-62.5883
-62.5873
-62.5863
-62.5853
-62.5844
-62.5835
-62.5827
-62.5819
-62.5811
-62.5803
-62.5795
-62.5788
-62.5781
-62.5775
-62.5768
-62.5762
-62.5756
-62.5751
-62.5745
-62.574
-62.5735
-62.5731
-62.5726
-62.5722
-62.5718
-62.5715
-62.5711
-62.5708
-62.5705
-62.5702
-62.57
-62.5697
-62.5695
-62.5693
-62.5692
-62.569
-62.5689
-62.5688
-62.5687
-62.5686
-62.5686
-62.5686
-62.5685
-62.5685
-62.5686
-62.5686
-62.5687
-62.5688
-62.5689
-62.569
-62.5691
-62.5692
-62.5694
-62.5696
-62.5698
-62.57
-62.5702
-62.5705
-62.5707
-62.571
-62.5713
-62.5716
-62.5719
-62.5723
-62.5726
-62.573
-62.5734
-62.5738
-62.5742
-62.5746
-62.575
-62.5755
-62.5759
-62.5764
-62.5769
-62.5774
-62.5779
-62.5784
-62.5789
-62.5795
-62.58
-62.5806
-62.5812
-62.5818
-62.5824
-62.583
-62.5836
-62.5842
-62.5849
-62.5855
-62.5862
-62.5869
-62.5876
-62.5883
-62.589
-62.5897
-62.5904
-62.5912
-62.5919
-62.5926
-62.5934
-62.5942
-62.595
-62.5957
-62.5965
-62.5973
-62.5982
-62.599
-62.5998
-62.6007
-62.6015
-62.6023
-62.6032
-62.6041
-62.605
-62.6058
-62.6067
-62.6076
-62.6085
-62.6094
-62.6104
-62.6113
-62.6122
-62.6132
-62.6141
-62.6151
-62.616
-62.617
-62.6179
-62.6189
-62.6199
-62.6209
-62.6219
-62.6229
-62.6239
-62.6249
-62.6259
-62.6269
-62.628
-62.629
-62.63
-62.6311
-62.6321
-62.6332
-62.6342
-62.6353
-62.6364
-62.6374
-62.6385
-62.6396
-62.6407
-62.6418
-62.6429
-62.644
-62.6451
-62.6462
-62.6473
-62.6484
-62.6495
-62.6506
-62.6518
-62.6529
-62.654
-62.6552
-62.6563
-62.6574
-62.6586
-62.6597
-62.6609
-62.6621
-62.6632
-62.6644
-62.6656
-62.6667
-62.6679
-62.6691
-62.6703
-62.6714
-62.6726
-62.6738
-62.675
-62.6762
-62.6774
-62.6786
-62.6798
-62.681
-62.6822
-62.6834
-62.6846
-62.6859
-62.6871
-62.6883
-62.6895
-62.6907
-62.692
-62.6932
-62.6944
-62.6957
-62.6969
-62.6981
-62.6994
-62.7006
-62.7019
-62.7031
-62.7044
-62.7056
-62.7069
-62.7081
-62.7094
-62.7106
-62.7119
-62.7131
-62.7144
-62.7157
-62.7169
-62.7182
-62.7194
-62.7207
-62.722
-62.7233
-62.7245
-62.7258
-62.7271
-62.7284
-62.7296
-62.7309
-62.7322
-62.7335
-62.7348
-62.736
-62.7373
-62.7386
-62.7399
-62.7412
-62.7425
-62.7438
-62.7451
-62.7464
-62.7476
-62.7489
-62.7502
-62.7515
-62.7528
-62.7541
-62.7554
-62.7567
-62.758
-62.7593
-62.7606
-62.7619
-62.7632
-62.7645
-62.7658
-62.7671
-62.7684
-62.7697
-62.771
-62.7724
-62.7737
-62.775
-62.7763
-62.7776
-62.7789
-62.7802
-62.7815
-62.7828
-62.7841
-62.7854
-62.7868
-62.7881
-62.7894
-62.7907
-62.792
-62.7933
-62.7946
-62.7959
-62.7973
-62.7986
-62.7999
-62.8012
-62.8025
-62.8038
-62.8051
-62.8065
-62.8078
-62.8091
-62.8104
-62.8117
-62.813
-62.8144
-62.8157
-62.817
-62.8183
-62.8196
-62.8209
-62.8223
-62.8236
-62.8249
-62.8262
-62.8275
-62.8288
-62.8302
-62.8315
-62.8328
-62.8341
-62.8354
-62.8367
-62.838
-62.8394
-62.8407
-62.842
-62.8433
-62.8446
-62.8459
-62.8473
-62.8486
-62.8499
-62.8512
-62.8525
-62.8538
-62.8551
-62.8564
-62.8578
-62.8591
-62.8604
-62.8617
-62.863
-62.8643
-62.8656
-62.8669
-62.8683
-62.8696
-62.8709
-62.8722
-62.8735
-62.8748
-62.8761
-62.8774
-62.8787
-62.88
-62.8814
-62.8827
-62.884
-62.8853
-62.8866
-62.8879
-62.8892
-62.8905
-62.8918
-62.8931
-62.8944
-62.8957
-62.897
-62.8983
-62.8996
-62.9009
-62.9022
-62.9035
-62.9048
-62.9061
-62.9074
-62.9087
-62.91
-62.9113
-62.9126
-62.9139
-62.9152
-62.9165
-62.9178
-62.9191
-62.9204
-62.9217
-62.923
-62.9243
-62.9256
-62.9269
-62.9282
-62.9295
-62.9308
-62.932
-62.9333
-62.9346
-62.9359
-62.9372
-62.9385
-62.9398
-62.9411
-62.9424
-62.9436
-62.9449
-62.9462
-62.9475
-62.9488
-62.9501
-62.9513
-62.9526
-62.9539
-62.9552
-62.9565
-62.9577
-62.959
-62.9603
-62.9616
-62.9629
-62.9641
-62.9654
-62.9667
-62.968
-62.9692
-62.9705
-62.9718
-62.9731
-62.9743
-62.9756
-62.9769
-62.9781
-62.9794
-62.9807
-62.982
-62.9832
-62.9845
-62.9858
-62.987
-62.9883
-62.9896
-62.9908
-62.9921
-62.9933
-62.9946
-62.9959
-62.9971
-62.9984
-62.9996
-63.0009
-63.0022
-63.0034
-63.0047
-63.0059
-63.0072
-63.0084
-63.0097
-63.011
-63.0122
-63.0135
-63.0147
-63.016
-63.0172
-63.0185
-63.0197
-63.021
-63.0222
-63.0235
-63.0247
-63.0259
-63.0272
-63.0284
-63.0297
-63.0309
-63.0322
-63.0334
-63.0346
-63.0359
-63.0371
-63.0384
-63.0396
-63.0408
-63.0421
-63.0433
-63.0445
-63.0458
-63.047
-63.0482
-63.0495
-63.0507
-63.0519
-63.0532
-63.0544
-63.0556
-63.0569
-63.0581
-63.0593
-63.0605
-63.0618
-63.063
-63.0642
-63.0654
-63.0667
-63.0679
-63.0691
-63.0703
-63.0716
-63.0728
-63.074
-63.0752
-63.0764
-63.0776
-63.0789
-63.0801
-63.0813
-63.0825
-63.0837
-63.0849
-63.0861
-63.0874
-63.0886
-63.0898
-63.091
-63.0922
-63.0934
-63.0946
-63.0958
-63.097
-63.0982
-63.0994
-63.1006
-63.1018
-63.1024
-63.1023
-63.1018
-63.1007
-63.0991
-63.097
-63.0945
-63.0915
-63.0881
-63.0843
-63.0801
-63.0756
-63.0707
-63.0654
-63.0599
-63.054
-63.0478
-63.0413
-63.0346
-63.0276
-63.0203
-63.0129
-63.0052
-62.9973
-62.9892
-62.9809
-62.9724
-62.9638
-62.955
-62.9461
-62.937
-62.9278
-62.9184
-62.909
-62.8994
-62.8898
-62.88
-62.8702
-62.8603
-62.8503
-62.8403
-62.8302
-62.82
-62.8098
-62.7996
-62.7893
-62.779
-62.7687
-62.7584
-62.748
-62.7376
-62.7273
-62.7169
-62.7065
-62.6961
-62.6858
-62.6754
-62.6651
-62.6548
-62.6445
-62.6342
-62.624
-62.6138
-62.6036
-62.5935
-62.5834
-62.5733
-62.5633
-62.5533
-62.5434
-62.5336
-62.5238
-62.514
-62.5043
-62.4947
-62.4851
-62.4756
-62.4661
-62.4567
-62.4474
-62.4381
-62.4289
-62.4198
-62.4107
-62.4017
-62.3928
-62.3839
-62.3752
-62.3665
-62.3578
-62.3493
-62.3408
-62.3324
-62.3241
-62.3158
-62.3076
-62.2995
-62.2915
-62.2836
-62.2757
-62.2679
-62.2602
-62.2526
-62.245
-62.2375
-62.2302
-62.2228
-62.2156
-62.2084
-62.2014
-62.1944
-62.1875
-62.1806
-62.1738
-62.1672
-62.1606
-62.154
-62.1476
-62.1412
-62.1349
-62.1287
-62.1226
-62.1165
-62.1105
-62.1046
-62.0988
-62.093
-62.0873
-62.0817
-62.0762
-62.0707
-62.0653
-62.06
-62.0548
-62.0496
-62.0445
-62.0395
-62.0345
-62.0296
-62.0248
-62.0201
-62.0154
-62.0108
-62.0062
-62.0018
-61.9974
-61.993
-61.9888
-61.9846
-61.9804
-61.9763
-61.9723
-61.9684
-61.9645
-61.9607
-61.9569
-61.9532
-61.9496
-61.946
-61.9425
-61.9391
-61.9357
-61.9323
-61.9291
-61.9259
-61.9227
-61.9196
-61.9165
-61.9136
-61.9106
-61.9077
-61.9049
-61.9021
-61.8994
-61.8968
-61.8942
-61.8916
-61.8891
-61.8866
-61.8842
-61.8819
-61.8796
-61.8773
-61.8751
-61.8729
-61.8708
-61.8687
-61.8667
-61.8647
-61.8628
-61.8609
-61.8591
-61.8573
-61.8555
-61.8538
-61.8522
-61.8506
-61.849
-61.8474
-61.8459
-61.8445
-61.8431
-61.8417
-61.8404
-61.8391
-61.8378
-61.8366
-61.8354
-61.8343
-61.8332
-61.8321
-61.8311
-61.8301
-61.8291
-61.8282
-61.8273
-61.8264
-61.8256
-61.8248
-61.824
-61.8233
-61.8226
-61.822
-61.8213
-61.8207
-61.8202
-61.8196
-61.8191
-61.8187
-61.8182
-61.8178
-61.8174
-61.817
-61.8167
-61.8164
-61.8161
-61.8159
-61.8157
-61.8155
-61.8153
-61.8152
-61.8151
-61.815
-61.8149
-61.8149
-61.8148
-61.8149
-61.8149
-61.8149
-61.815
-61.8151
-61.8152
-61.8154
-61.8156
-61.8158
-61.816
-61.8162
-61.8165
-61.8167
-61.817
-61.8174
-61.8177
-61.8181
-61.8184
-61.8188
-61.8193
-61.8197
-61.8202
-61.8206
-61.8211
-61.8216
-61.8222
-61.8227
-61.8233
-61.8239
-61.8245
-61.8251
-61.8257
-61.8264
-61.827
-61.8277
-61.8284
-61.8291
-61.8298
-61.8306
-61.8314
-61.8321
-61.8329
-61.8337
-61.8345
-61.8354
-61.8362
-61.8371
-61.8379
-61.8388
-61.8397
-61.8406
-61.8416
-61.8425
-61.8434
-61.8444
-61.8454
-61.8464
-61.8474
-61.8484
-61.8494
-61.8504
-61.8515
-61.8525
-61.8536
-61.8547
-61.8557
-61.8568
-61.858
-61.8591
-61.8602
-61.8613
-61.8625
-61.8636
-61.8648
-61.866
-61.8672
-61.8684
-61.8696
-61.8708
-61.872
-61.8732
-61.8745
-61.8757
-61.877
-61.8783
-61.8795
-61.8808
-61.8821
-61.8834
-61.8847
-61.886
-61.8873
-61.8887
-61.89
-61.8913
-61.8927
-61.894
-61.8954
-61.8968
-61.8981
-61.8995
-61.9009
-61.9023
-61.9037
-61.9051
-61.9065
-61.908
-61.9094
-61.9108
-61.9122
-61.9137
-61.9151
-61.9166
-61.9181
-61.9195
-61.921
-61.9225
-61.9239
-61.9254
-61.9269
-61.9284
-61.9299
-61.9314
-61.9329
-61.9344
-61.936
-61.9375
-61.939
-61.9405
-61.9421
-61.9436
-61.9452
-61.9467
-61.9483
-61.9498
-61.9514
-61.9529
-61.9545
-61.9561
-61.9577
-61.9592
-61.9608
-61.9624
-61.964
-61.9656
-61.9672
-61.9688
-61.9704
-61.972
-61.9736
-61.9752
-61.9768
-61.9784
-61.9801
-61.9817
-61.9833
-61.9849
-61.9866
-61.9882
-61.9898
-61.9915
-61.9931
-61.9948
-61.9964
-61.9981
-61.9997
-62.0014
-62.003
-62.0047
-62.0063
-62.008
-62.0097
-62.0113
-62.013
-62.0147
-62.0163
-62.018
-62.0197
-62.0214
-62.023
-62.0247
-62.0264
-62.0281
-62.0298
-62.0315
-62.0331
-62.0348
-62.0365
-62.0382
-62.0399
-62.0416
-62.0433
-62.045
-62.0467
-62.0484
-62.0501
-62.0518
-62.0535
-62.0552
-62.0569
-62.0586
-62.0603
-62.0621
-62.0638
-62.0655
-62.0672
-62.0689
-62.0706
-62.0723
-62.0741
-62.0758
-62.0775
-62.0792
-62.0809
-62.0826
-62.0844
-62.0861
-62.0878
-62.0895
-62.0913
-62.093
-62.0947
-62.0964
-62.0982
-62.0999
-62.1016
-62.1033
-62.1051
-62.1068
-62.1085
-62.1103
-62.112
-62.1137
-62.1154
-62.1172
-62.1189
-62.1206
-62.1224
-62.1241
-62.1258
-62.1276
-62.1293
-62.131
-62.1328
-62.1345
-62.1362
-62.138
-62.1397
-62.1414
-62.1432
-62.1449
-62.1466
-62.1484
-62.1501
-62.1518
-62.1536
-62.1553
-62.157
-62.1588
-62.1605
-62.1622
-62.164
-62.1657
-62.1674
-62.1692
-62.1709
-62.1726
-62.1744
-62.1761
-62.1778
-62.1796
-62.1813
-62.183
-62.1848
-62.1865
-62.1882
-62.19
-62.1917
-62.1934
-62.1951
-62.1969
-62.1986
-62.2003
-62.2021
-62.2038
-62.2055
-62.2072
-62.209
-62.2107
-62.2124
-62.2141
-62.2159
-62.2176
-62.2193
-62.221
-62.2228
-62.2245
-62.2262
-62.2279
-62.2297
-62.2314
-62.2331
-62.2348
-62.2365
-62.2383
-62.24
-62.2417
-62.2434
-62.2451
-62.2469
-62.2486
-62.2503
-62.252
-62.2537
-62.2554
-62.2571
-62.2589
-62.2606
-62.2623
-62.264
-62.2657
-62.2674
-62.2691
-62.2708
-62.2725
-62.2743
-62.276
-62.2777
-62.2794
-62.2811
-62.2828
-62.2845
-62.2862
-62.2879
-62.2896
-62.2913
-62.293
-62.2947
-62.2964
-62.2981
-62.2998
-62.3015
-62.3032
-62.3049
-62.3066
-62.3083
-62.31
-62.3117
-62.3133
-62.315
-62.3167
-62.3184
-62.3201
-62.3218
-62.3235
-62.3252
-62.3269
-62.3285
-62.3302
-62.3319
-62.3336
-62.3353
-62.337
-62.3386
-62.3403
-62.342
-62.3437
-62.3453
-62.347
-62.3487
-62.3504
-62.352
-62.3537
-62.3554
-62.3571
-62.3587
-62.3604
-62.3621
-62.3637
-62.3654
-62.3671
-62.3687
-62.3704
-62.3721
-62.3737
-62.3754
-62.3771
-62.3787
-62.3804
-62.382
-62.3837
-62.3853
-62.387
-62.3887
-62.3903
-62.392
-62.3936
-62.3953
-62.3969
-62.3986
-62.4002
-62.4019
-62.4035
-62.4052
-62.4068
-62.4085
-62.4101
-62.4117
-62.4134
-62.415
-62.4167
-62.4183
-62.42
-62.4216
-62.4232
-62.4249
-62.4265
-62.4281
-62.4298
-62.4314
-62.433
-62.4347
-62.4363
-62.4379
-62.4395
-62.4412
-62.4428
-62.4444
-62.446
-62.4477
-62.4493
-62.4509
-62.4525
-62.4542
-62.4558
-62.4574
-62.459
-62.4606
-62.4622
-62.4639
-62.4655
-62.4671
-62.4687
-62.4703
-62.4719
-62.4735
-62.4751
-62.4767
-62.4783
-62.4799
-62.4816
-62.4832
-62.4848
-62.4864
-62.488
-62.4896
-62.4912
-62.4928
-62.4944
-62.4959
-62.4975
-62.4991
-62.5007
-62.5023
-62.5039
-62.5055
-62.5071
-62.5087
-62.5103
-62.5119
-62.5134
-62.515
-62.5166
-62.5182
-62.5198
-62.5214
-62.5229
-62.5245
-62.5261
-62.5277
-62.5292
-62.5308
-62.5324
-62.534
-62.5355
-62.5371
-62.5387
-62.5402
-62.5418
-62.5434
-62.5449
-62.5465
-62.5481
-62.5496
-62.5512
-62.5528
-62.5543
-62.5559
-62.5574
-62.559
-62.5606
-62.5621
-62.5637
-62.5652
-62.5668
-62.5683
-62.5699
-62.5714
-62.573
-62.5745
-62.5761
-62.5776
-62.5792
-62.5807
-62.5823
-62.5838
-62.5853
-62.5869
-62.5884
-62.59
-62.5915
-62.593
-62.5946
-62.5961
-62.5976
-62.5992
-62.6007
-62.6022
-62.6038
-62.6053
-62.6068
-62.6084
-62.6099
-62.6114
-62.6129
-62.6145
-62.616
-62.6175
-62.619
-62.6206
-62.6221
-62.6236
-62.6251
-62.6266
-62.6281
-62.6297
-62.6312
-62.6327
-62.6342
-62.6357
-62.6372
-62.6387
-62.6402
-62.6417
-62.6432
-62.6447
-62.6463
-62.6478
-62.6493
-62.6508
-62.6523
-62.6538
-62.6553
-62.6568
-62.6583
-62.6597
-62.6612
-62.6627
-62.6642
-62.6657
-62.6672
-62.6687
-62.6702
-62.6717
-62.6732
-62.6747
-62.6761
-62.6776
-62.6791
-62.6806
-62.6821
-62.6836
-62.685
-62.6865
-62.688
-62.6895
-62.6909
-62.6924
-62.6939
-62.6954
-62.6968
-62.6983
-62.6998
-62.7013
-62.7027
-62.7042
-62.7057
-62.7071
-62.7086
-62.7101
-62.7115
-62.713
-62.7144
-62.7159
-62.7174
-62.7188
-62.7203
-62.7217
-62.7232
-62.7246
-62.7261
-62.7276
-62.729
-62.7305
-62.7319
-62.7334
-62.7348
-62.7363
-62.7377
-62.7391
-62.7406
-62.742
-62.7435
-62.7449
-62.7464
-62.7478
-62.7492
-62.7507
-62.7521
-62.7536
-62.755
-62.7564
-62.7579
-62.7593
-62.7607
-62.7622
-62.7636
-62.765
-62.7664
-62.7679
-62.7693
-62.7707
-62.7722
-62.7736
-62.775
-62.7764
-62.7778
-62.7793
-62.7807
-62.7821
-62.7835
-62.7849
-62.7864
-62.7878
-62.7892
-62.7906
-62.792
-62.7934
-62.7948
-62.7962
-62.7977
-62.7991
-62.8005
-62.8019
-62.8033
-62.8047
-62.8061
-62.8075
-62.8089
-62.8103
-62.8117
-62.8131
-62.8145
-62.8159
-62.8173
-62.8187
-62.8201
-62.8215
-62.8229
-62.8243
-62.8256
-62.827
-62.8284
-62.8298
-62.8312
-62.8326
-62.834
-62.8354
-62.8367
-62.8381
-62.8395
-62.8409
-62.8423
-62.8436
-62.845
-62.8464
-62.8478
-62.8492
-62.8505
-62.8519
-62.8533
-62.8547
-62.856
-62.8574
-62.8588
-62.8601
-62.8615
-62.8629
-62.8642
-62.8656
-62.867
-62.8683
-62.8697
-62.8711
-62.8724
-62.8738
-62.8751
-62.8765
-62.8779
-62.8792
-62.8806
-62.8819
-62.8833
-62.8846
-62.886
-62.8873
-62.8887
-62.89
-62.8914
-62.8927
-62.8941
-62.8954
-62.8968
-62.8981
-62.8995
-62.9008
-62.9021
-62.9035
-62.9048
-62.9062
-62.9075
-62.9088
-62.9102
-62.9115
-62.9129
-62.9142
-62.9155
-62.9169
-62.9182
-62.9195
-62.9209
-62.9222
-62.9235
-62.9248
-62.9262
-62.9275
-62.9288
-62.9301
-62.9315
-62.9328
-62.9341
-62.9354
-62.9367
-62.9381
-62.9394
-62.9407
-62.942
-62.9433
-62.9447
-62.946
-62.9473
-62.9486
-62.9499
-62.9512
-62.9525
-62.9538
-62.9551
-62.9565
-62.9578
-62.9591
-62.9604
-62.9617
-62.963
-62.9643
-62.9656
-62.9669
-62.9682
-62.9695
-62.9708
-62.9721
-62.9734
-62.9747
-62.976
-62.9773
-62.9786
-62.9798
-62.9811
-62.9824
-62.9837
-62.985
-62.9863
-62.9876
-62.9889
-62.9902
-62.9914
-62.9927
-62.994
-62.9953
-62.9966
-62.9979
-62.9991
-63.0004
-63.0017
-63.003
-63.0043
-63.0055
-63.0068
-63.0081
-63.0094
-63.0106
-63.0119
-63.0132
-63.0144
-63.0157
-63.017
-63.0182
-63.0195
-63.0208
-63.022
-63.0233
-63.0246
-63.0258
-63.0271
-63.0284
-63.0296
-63.0309
-63.0321
-63.0334
-63.0347
-63.0359
-63.0372
-63.0384
-63.0397
-63.0409
-63.0422
-63.0434
-63.0447
-63.0459
-63.0472
-63.0484
-63.0497
-63.0509
-63.0522
-63.0534
-63.0547
-63.0559
-63.0572
-63.0584
-63.0596
-63.0609
-63.0621
-63.0634
-63.0646
-63.0658
-63.0671
-63.0683
-63.0695
-63.0708
-63.072
-63.0733
-63.0745
-63.0757
-63.0769
-63.0782
-63.0794
-63.0806
-63.0819
-63.0831
-63.0843
-63.0855
-63.0868
-63.088
-63.0892
-63.0904
-63.0917
-63.0929
-63.0941
-63.0953
-63.0965
-63.0977
-63.099
-63.1002
-63.1014
-63.1026
-63.1038
-63.105
-63.1062
-63.1075
-63.1087
-63.1099
-63.1111
-63.1123
-63.1135
-63.1147
-63.1159
-63.1171
-63.1183
-63.1195
-63.1207
-63.1219
-63.1231
-63.1243
-63.1255
-63.1267
-63.1279
-63.1291
-63.1303
-63.1315
-63.1327
-63.1339
-63.1351
-63.1363
-63.1375
-63.1387
-63.1399
-63.1411
-63.1422
-63.1434
-63.1446
-63.1458
-63.147
-63.1482
-63.1494
-63.1505
-63.1517
-63.1529
-63.1541
-63.1553
-63.1564
-63.1576
-63.1588
-63.16
-63.1612
-63.1623
-63.1635
-63.1647
-63.1659
-63.167
-63.1682
-63.1694
-63.1705
-63.1717
-63.1729
-63.1741
-63.1752
-63.1764
-63.1776
-63.1787
-63.1799
-63.181
-63.1822
-63.1834
-63.1845
-63.1857

